1678320047.882988	-0.1507180155973371	1
1678320127.099088	-0.14995267293075631	1
1678320206.314121	-0.15056966544181982	1
1678320285.52204	-0.14991334992073568	1
1678320364.730802	-0.15034390893091842	1
1678320443.945166	-0.15049665124921052	1
1678320523.18835	-0.1502682368834316	1
1678320602.40177	-0.15030911520254797	1
1678320681.611285	-0.15028382552376573	1
1678320760.823188	-0.1502570979999236	1
1678320840.049611	-0.15032552143616318	1
1678320919.260913	-0.15067006234378422	1
1678320998.470689	-0.15034161588641748	1
1678321077.677959	-0.15036607328350193	1
1678321156.890377	-0.15046246240909245	1
1678321236.097292	-0.15022127044435596	1
1678321315.309995	-0.15025230918136767	1
1678321394.519079	-0.15017181160668702	1
1678321475.526049	-0.15045915035952007	1
1678321554.743625	-0.15036088505141265	1
1678321633.950681	-0.1504638918198289	1
1678321713.161625	-0.15033026783337267	1
1678321792.378439	-0.15023393426012088	1
1678321871.585822	-0.14997343823308285	1
1678321950.807722	-0.1504686366074237	1
1678322030.019096	-0.1501115299691591	1
1678322109.228581	-0.1493251065183685	1
1678322188.439406	-0.1501069048182071	1
1678322267.649689	-0.1501980562386045	1
1678322346.859039	-0.1502069603807934	1
1678322426.083671	-0.1500423416755261	1
1678322505.290351	-0.14993628508998924	1
1678322584.506062	-0.1505310512478415	1
1678322663.715419	-0.15031515776701365	1
1678322742.936922	-0.15027571259892802	1
1678322822.144131	-0.15011333256006054	1
1678322901.353026	-0.14989706939541136	1
1678322980.567598	-0.1500094421708642	1
1678323059.778706	-0.1500842575664869	1
1678323138.986376	-0.14982681488447636	1
1678323218.198936	-0.1501245167627685	1
1678323297.406853	-0.1502027577062064	1
1678323376.615551	-0.1502561362971493	1
1678323455.849352	-0.1506018402840068	1
1678323535.074987	-0.15029466084387622	1
1678323614.288195	-0.15045967874921828	1
1678323693.498522	-0.15028479155351793	1
1678323772.7132	-0.15038557927169371	1
1678323851.921954	-0.1501778413271495	1
1678323931.130663	-0.15054834121797267	1
1678324010.364832	-0.15008331955670684	1
1678324089.577874	-0.15004973793669496	1
1678324168.792891	-0.15010397811405873	1
1678324248.000374	-0.14985558890046402	1
1678324327.20951	-0.14997465306331748	1
1678324406.41884	-0.1498064283582723	1
1678324485.627443	-0.14989495096569083	1
1678324564.835773	-0.14967862842009083	1
1678324644.047693	-0.15013774753100595	1
1678324723.26418	-0.15029123041302395	1
1678324802.474127	-0.14968843759185813	1
1678324881.698105	-0.15002196436489879	1
1678324960.91779	-0.15035394197213225	1
1678325040.129978	-0.1500157533093338	1
1678325119.341647	-0.14998521204874038	1
1678325198.552986	-0.1499644111418057	1
1678325277.761221	-0.15010463110295813	1
1678325356.972108	-0.1491512776239201	1
1678325436.180236	-0.1502151077078464	1
1678325515.390104	-0.15008125760502988	1
1678325594.599765	-0.1496696848471526	1
1678325673.813294	-0.14983469849948428	1
1678325753.02912	-0.15002546271665018	1
1678325832.236985	-0.14979585501069703	1
1678325911.452102	-0.1501296164863959	1
1678325990.664215	-0.15020273749854063	1
1678326069.873405	-0.15005814006590423	1
1678326149.090302	-0.149844677966267	1
1678326228.300922	-0.15002854606603577	1
1678326307.51867	-0.1498608234704042	1
1678326386.731155	-0.1501114415520206	1
1678326465.942902	-0.14978895317742058	1
1678326545.16054	-0.15008102513103605	1
1678326624.370324	-0.14942007354318942	1
1678326703.576773	-0.15024092424812174	1
1678326782.792102	-0.1505439074684043	1
1678326862.010748	-0.15016328148287705	1
1678326941.218565	-0.15063704374783793	1
1678327020.439148	-0.1506431920341651	1
1678327099.721357	-0.15063847880313563	1
1678327178.94205	-0.15050581898362925	1
1678327258.165936	-0.15076425854765763	1
1678327337.380002	-0.15100239042169683	1
1678327416.592371	-0.15106344656984483	1
1678327495.807086	-0.150887552516755	1
1678327575.018955	-0.15087870151438043	1
1678327654.231496	-0.15125094852786347	1
1678327733.442896	-0.15086556938542728	1
1678327812.652079	-0.15059299706286833	1
1678327891.860941	-0.15088808808392162	1
1678327971.070127	-0.1506315887657088	1
1678328050.276639	-0.15079121017123587	1
1678328129.506298	-0.15081056036695184	1
1678328208.719978	-0.15069039919263716	1
1678328287.930782	-0.15028506876324865	1
1678328367.142377	-0.15060115327768564	1
1678328446.356081	-0.15119827098277394	1
1678328525.563078	-0.1512916139707965	1
1678328604.772933	-0.15105165714184388	1
1678328683.984864	-0.15084917727892488	1
1678328763.19387	-0.15110435271645173	1
1678328842.40156	-0.150476065816318	1
1678328921.613682	-0.1513440763251257	1
1678329000.840944	-0.15119214755496913	1
1678329080.049238	-0.15095448430542113	1
1678329159.271253	-0.1513340444843827	1
1678329238.483934	-0.15115483371042515	1
1678329317.698073	-0.15107732259425966	1
1678329396.916858	-0.15149207857301938	1
1678329476.124169	-0.15130462288461732	1
1678329555.336241	-0.151399967427035	1
1678329634.552654	-0.15139350079737035	1
1678329713.762252	-0.1514181915776085	1
1678329792.980347	-0.1511161111405359	1
1678329872.189601	-0.15119969646739229	1
1678329951.408796	-0.15126427167378065	1
1678330030.616576	-0.15132899052234539	1
1678330109.828087	-0.15145113113007014	1
1678330189.05035	-0.1513211343052907	1
1678330268.264577	-0.15147267492799443	1
1678330347.479053	-0.1514248310470485	1
1678330426.689887	-0.15122626447517717	1
1678330505.90346	-0.15141528153294193	1
1678330585.116086	-0.15127186714923724	1
1678330664.325298	-0.15158118868650572	1
1678330743.54012	-0.15157404206289815	1
1678330822.758676	-0.151580635239414	1
1678330901.968296	-0.15137589645453353	1
1678330981.17864	-0.15124658260894552	1
1678331060.389762	-0.15132743684136063	1
1678331139.604818	-0.1514424584552998	1
1678331218.811951	-0.15137924386170631	1
1678331298.02544	-0.15171759999916823	1
1678331377.239088	-0.15127368889438664	1
1678331456.448572	-0.15160342207165467	1
1678331535.660655	-0.15177905838972627	1
1678331614.869349	-0.151459644628253	1
1678331694.093405	-0.15164847603799458	1
1678331773.299734	-0.1517177256386999	1
1678331852.507152	-0.15156849494701863	1
1678331931.720258	-0.15185979886392342	1
1678332010.930339	-0.15178611521830732	1
1678332090.138809	-0.15151192754632703	1
1678332169.352287	-0.15167441836903794	1
1678332248.563024	-0.15207781230293538	1
1678332327.77319	-0.15163466361426803	1
1678332406.989416	-0.1517829501625405	1
1678332486.201209	-0.15171241390048262	1
1678332565.417637	-0.15203236907874196	1
1678332644.625346	-0.15172227591413723	1
1678332723.898506	-0.1518778284100062	1
1678332803.11963	-0.1518683466206614	1
1678332882.331358	-0.15205541696466884	1
1678332961.544096	-0.15174702858911537	1
1678333040.751171	-0.15190518886693916	1
1678333119.974468	-0.15187957024533105	1
1678333199.191607	-0.15184320745517077	1
1678333278.541684	-0.15184097302392097	1
1678333357.755587	-0.15169050253798044	1
1678333436.966597	-0.15178408548329703	1
1678333516.1747	-0.15231766787572543	1
1678333595.387176	-0.15168398682302442	1
1678333674.594165	-0.15187444114483117	1
1678333753.807609	-0.15141152611106445	1
1678333833.07875	-0.15201561603356417	1
1678333912.293194	-0.15208830516047467	1
1678333991.50505	-0.15188588726506147	1
1678334072.444944	-0.15147912625259874	1
1678334151.70195	-0.15228580958373072	1
1678334230.923142	-0.1518007331880762	1
1678334310.130746	-0.15199179455448597	1
1678334389.35911	-0.15190590784428437	1
1678334468.567206	-0.15195597907247915	1
1678334547.777892	-0.1518613263831643	1
1678334627.165469	-0.15246304642481245	1
1678334706.383547	-0.15200132853852466	1
1678334785.593674	-0.1523323315299674	1
1678334864.802081	-0.15179529631719113	1
1678334944.012206	-0.15222186379244818	1
1678335023.220783	-0.15190279901399695	1
1678335102.476519	-0.15202358428103402	1
1678335181.692321	-0.15215122163216677	1
1678335260.904724	-0.15225295422436247	1
1678335340.119876	-0.15225403778870472	1
1678335419.327315	-0.15174529698301154	1
1678335498.548067	-0.15223559074658155	1
1678335577.756693	-0.15199937875851788	1
1678335656.966565	-0.15215752605529786	1
1678335736.177415	-0.15184837369741633	1
1678335815.38705	-0.15189007578819158	1
1678335894.599699	-0.1517232627949019	1
1678335973.80799	-0.15179962157640325	1
1678336053.016515	-0.15146046640692123	1
1678336132.226623	-0.1515264676684014	1
1678336211.437053	-0.15162576247559478	1
1678336290.648453	-0.15118503288659468	1
1678336369.919624	-0.15118836077260323	1
1678336449.14364	-0.15153634468411425	1
1678336528.353212	-0.15070629608849995	1
1678336607.570094	-0.1512312906943052	1
1678336686.778292	-0.15145034493302578	1
1678336765.997882	-0.15116486174397625	1
1678336845.211994	-0.1516223096279834	1
1678336924.553563	-0.15161768633240147	1
1678337003.778556	-0.15161254140348746	1
1678337082.990482	-0.15130681902708254	1
1678337162.208007	-0.15111903126072868	1
1678337241.429556	-0.15108156498707537	1
1678337320.642333	-0.15101954812222296	1
1678337399.854908	-0.15117090273694078	1
1678337479.074085	-0.15133318030340703	1
1678337558.283682	-0.15116374798687549	1
1678337637.532416	-0.15070871072754244	1
1678337716.754376	-0.15123742966912257	1
1678337795.976607	-0.151089368130628	1
1678337875.186448	-0.15086893314265026	1
1678337954.394239	-0.15113432982198383	1
1678338033.603946	-0.15115934563001865	1
1678338112.810647	-0.15075151466067283	1
1678338192.139027	-0.15088579998312923	1
1678338271.358554	-0.15101489069722174	1
1678338350.623064	-0.1510624237757483	1
1678338429.837164	-0.15106116321769392	1
1678338509.047942	-0.1509123539223607	1
1678338588.26076	-0.15075868215972132	1
1678338667.468531	-0.1508787635837905	1
1678338746.758005	-0.1510732235385186	1
1678338825.983742	-0.15083820701917094	1
1678338905.1979	-0.1511040802150001	1
1678338984.407336	-0.1505975329759286	1
1678339063.61734	-0.15073923556089586	1
1678339142.825697	-0.15072923063801813	1
1678339222.035552	-0.1507007308892092	1
1678339301.247894	-0.15076748820240127	1
1678339380.461919	-0.15050641834661693	1
1678339459.67502	-0.15085977701919173	1
1678339538.883607	-0.15049795002106592	1
1678339618.096454	-0.15063241471547606	1
1678339697.307373	-0.15068781585857227	1
1678339776.521841	-0.15114126653091642	1
1678339855.733692	-0.15117428767511143	1
1678339935.013674	-0.15125927336270362	1
1678340014.384965	-0.15100884846410434	1
1678340093.608323	-0.150925602646792	1
1678340172.818632	-0.15114825604544713	1
1678340252.032206	-0.15100727363507094	1
1678340331.349205	-0.15093940885061308	1
1678340410.567062	-0.15069391601710969	1
1678340489.780821	-0.15094512563191476	1
1678340568.994217	-0.1509353791251895	1
1678340648.204226	-0.15083217091919732	1
1678340727.518302	-0.15121201146597674	1
1678340806.741859	-0.15080360777494484	1
1678340885.957018	-0.15155758648590822	1
1678340965.165122	-0.1509474824921666	1
1678341044.376895	-0.15088900455539278	1
1678341123.589659	-0.15076697510415293	1
1678341202.801573	-0.15057463767853907	1
1678341282.091133	-0.15065323644483897	1
1678341361.312528	-0.15059140188179043	1
1678341440.527624	-0.15063233011578703	1
1678341519.744239	-0.15041344363505615	1
1678341598.952156	-0.150975235916758	1
1678341678.163486	-0.15107076340019443	1
1678341757.380605	-0.1505130838675166	1
1678341836.592041	-0.1506353022960738	1
1678341915.804957	-0.15004510277939076	1
1678341995.020825	-0.1498017575413373	1
1678342074.240727	-0.15096949662642434	1
1678342153.458167	-0.15040195722463245	1
1678342232.683122	-0.15058101948251945	1
1678342311.892624	-0.15051536912075125	1
1678342391.103162	-0.15060439401911552	1
1678342470.319196	-0.15011068594805987	1
1678342549.610118	-0.15067919188153844	1
1678342628.82801	-0.15064120841074757	1
1678342708.049818	-0.15054711697358503	1
1678342787.262106	-0.15015712059921604	1
1678342866.469754	-0.1506991682186749	1
1678342945.684077	-0.15070419778033095	1
1678343024.897395	-0.15034819796851284	1
1678343104.105293	-0.1506198039997635	1
1678343183.314949	-0.15040112330398792	1
1678343262.522829	-0.15040724033909925	1
1678343341.732022	-0.15033648939875555	1
1678343420.993769	-0.15021752248854092	1
1678343500.212089	-0.15044834567059517	1
1678343579.422729	-0.1498431643685585	1
1678343658.637657	-0.15033693742195542	1
1678343737.853847	-0.15013953491931264	1
1678343817.063988	-0.15018000828243316	1
1678343896.27299	-0.150392145663087	1
1678343975.607339	-0.1500072160714927	1
1678344054.831941	-0.15023741206434327	1
1678344134.046304	-0.150076699810338	1
1678344213.262346	-0.15043237050632907	1
1678344292.47628	-0.1505570649033272	1
1678344371.714435	-0.1506232653788402	1
1678344450.92791	-0.1508042249788515	1
1678344530.137622	-0.15030750427095896	1
1678344609.348637	-0.15047464249703157	1
1678344688.560048	-0.15004760923393423	1
1678344767.768193	-0.15044328332669288	1
1678344846.985579	-0.15001342700092124	1
1678344926.299469	-0.1499932213735642	1
1678345005.5188	-0.15068724855148385	1
1678345084.74315	-0.150621405210563	1
1678345163.959247	-0.15030636091116634	1
1678345243.174062	-0.15054482968332827	1
1678345322.490835	-0.15023696588053692	1
1678345401.715767	-0.1507058974664668	1
1678345480.927216	-0.1505205356045085	1
1678345560.146303	-0.15037319150020778	1
1678345639.359749	-0.15056894062476722	1
1678345718.566224	-0.1507206031908881	1
1678345797.777436	-0.15058942671023612	1
1678345877.112723	-0.14983423063972	1
1678345956.32946	-0.15035284666483228	1
1678346035.546543	-0.15044168241132372	1
1678346114.756532	-0.1502543992207599	1
1678346193.968889	-0.15044571462297984	1
1678346273.18411	-0.15059260470651203	1
1678346352.395038	-0.1506015721347156	1
1678346431.602488	-0.15097019814659784	1
1678346510.812894	-0.1509702463589191	1
1678346590.026111	-0.15031483109621924	1
1678346669.237948	-0.15046347682726324	1
1678346748.556519	-0.150598308208993	1
1678346827.776606	-0.15043705849717526	1
1678346906.997002	-0.1503294553324892	1
1678346986.212795	-0.15050561953774633	1
1678347065.422449	-0.15074166070558626	1
1678347144.626237	-0.15051986821187224	1
1678347223.836855	-0.15080745819475894	1
1678347303.066989	-0.15093983555489476	1
1678347382.273724	-0.1508085186729815	1
1678347461.485446	-0.1509844734642325	1
1678347540.699006	-0.15048973347801997	1
1678347620.037475	-0.15068897667358971	1
1678347699.25179	-0.15054152406425647	1
1678347778.467155	-0.15044159043225225	1
1678347857.677033	-0.1508379680126275	1
1678347936.889345	-0.15085486565787232	1
1678348016.183924	-0.15045866627097926	1
1678348095.402417	-0.1505876840253535	1
1678348174.63453	-0.15111309580622123	1
1678348253.844558	-0.15055637758318863	1
1678348333.051447	-0.15069923656203876	1
1678348412.262878	-0.1506294297375419	1
1678348491.46975	-0.15059778236592525	1
1678348570.680583	-0.15059748839312892	1
1678348649.893785	-0.15070297463643278	1
1678348729.189255	-0.15048069792094854	1
1678348808.411497	-0.150564312631138	1
1678348887.624329	-0.15062342354848113	1
1678348966.833819	-0.1507296764245405	1
1678349046.055173	-0.15038815780187686	1
1678349125.301646	-0.15060000115775818	1
1678349204.516353	-0.15016848234600033	1
1678349283.725542	-0.1501296528118612	1
1678349362.938338	-0.15061124396711456	1
1678349442.146823	-0.15027729675820023	1
1678349521.358005	-0.15052523514838345	1
1678349600.57441	-0.15033957027415035	1
1678349679.897982	-0.1507526575096767	1
1678349759.113288	-0.15040836386171907	1
1678349838.320653	-0.1504957955098103	1
1678349917.533635	-0.15053922085167049	1
1678349996.74666	-0.15023499384799877	1
1678350075.962807	-0.1503326967849583	1
1678350155.173108	-0.1505025503694002	1
1678350234.382364	-0.15027149077702529	1
1678350313.59005	-0.1505500473135264	1
1678350392.936022	-0.15043499272708694	1
1678350472.153089	-0.1502778622055585	1
1678350551.362474	-0.15058453753851175	1
1678350630.581917	-0.15032002561618363	1
1678350709.794894	-0.1503690545335541	1
1678350789.00299	-0.1504889897748658	1
1678350868.210723	-0.1504239071150506	1
1678350947.52137	-0.15066977317862307	1
1678351026.7425	-0.15072653887726606	1
1678351105.952679	-0.15077078739534322	1
1678351185.160885	-0.15025362642248563	1
1678351264.367233	-0.15101254078479176	1
1678351343.578943	-0.15057525122219495	1
1678351422.797943	-0.15023774673123658	1
1678351502.00986	-0.15025468131282071	1
1678351581.220633	-0.15038890168715824	1
1678351660.431873	-0.15075465735726112	1
1678351739.647324	-0.15019462037703946	1
1678351818.975397	-0.15052002560529942	1
1678351898.195438	-0.15029532682009616	1
1678351977.411184	-0.15027008896050642	1
1678352056.622004	-0.1504411509314334	1
1678352135.829298	-0.15052601051033143	1
1678352215.043256	-0.1502847197380328	1
1678352294.25343	-0.15057324071615774	1
1678352373.469486	-0.15086889192465058	1
1678352452.683653	-0.15044662950055088	1
1678352532.000131	-0.15053037569347172	1
1678352611.22499	-0.15047486332285587	1
1678352690.439142	-0.150359497038429	1
1678352769.659184	-0.15057331750368874	1
1678352848.897688	-0.15044286692235342	1
1678352928.114814	-0.15073364234951203	1
1678353007.334229	-0.15035644153240835	1
1678353086.559136	-0.1499728559081639	1
1678353165.769192	-0.1500212996643464	1
1678353244.985873	-0.1505252563552677	1
1678353324.198804	-0.15032415455032577	1
1678353403.420751	-0.15022000656794265	1
1678353482.629541	-0.1504927055777694	1
1678353561.882411	-0.1502611973280672	1
1678353641.095635	-0.15049196003600862	1
1678353720.310524	-0.1502542589692366	1
1678353799.518143	-0.1502358917010671	1
1678353878.731142	-0.14991020954858136	1
1678353958.035578	-0.15029384018728198	1
1678354037.264169	-0.1504172889695079	1
1678354116.476047	-0.15025991165003205	1
1678354195.688079	-0.15062798954934742	1
1678354274.904337	-0.1501178167419015	1
1678354354.243974	-0.15037099495642092	1
1678354433.465566	-0.15047463622374568	1
1678354512.676522	-0.1500910851098265	1
1678354591.888772	-0.15024205440660676	1
1678354671.100487	-0.1501274804923325	1
1678354750.318818	-0.15051474959890587	1
1678354829.527766	-0.15028663589393787	1
1678354908.740924	-0.15005933754065204	1
1678354988.364026	-0.15017899969871085	1
1678355067.595788	-0.15051692637443104	1
1678355146.810692	-0.15010970911744081	1
1678355226.017063	-0.1502228147713094	1
1678355305.230951	-0.1500436101040794	1
1678355384.442092	-0.15028362791804195	1
1678355463.649551	-0.15033511126798071	1
1678355542.861787	-0.14973622477107007	1
1678355622.075082	-0.14990816826594777	1
1678355701.285085	-0.15000690756197788	1
1678355780.498351	-0.15008491035088767	1
1678355859.717184	-0.1502602017367165	1
1678355938.928442	-0.15050634427803633	1
1678356018.155389	-0.14956281552980943	1
1678356097.457758	-0.15029577938040717	1
1678356176.679998	-0.1500876451492834	1
1678356255.925487	-0.15013155994408756	1
1678356335.13881	-0.15018842223638185	1
1678356414.355854	-0.1499415214722326	1
1678356493.563671	-0.15027257273956707	1
1678356572.775339	-0.1501090126392306	1
1678356651.988662	-0.1494843646365478	1
1678356731.198943	-0.1500662136885822	1
1678356810.429058	-0.15000110347890772	1
1678356889.705161	-0.1498848742913177	1
1678356968.931747	-0.1505555013766804	1
1678357048.144469	-0.15011750668163337	1
1678357127.359034	-0.15068377421883916	1
1678357206.571116	-0.1499845770446191	1
1678357285.789581	-0.14981260243755035	1
1678357365.005338	-0.1503866037329642	1
1678357444.217939	-0.1504405730764944	1
1678357523.439374	-0.14997262819463497	1
1678357602.650557	-0.15029911332939871	1
1678357681.864368	-0.1499453102990289	1
1678357761.073548	-0.14985016554967867	1
1678357840.287072	-0.15020082528300716	1
1678357919.49387	-0.149800697811604	1
1678357998.707822	-0.1499489962845999	1
1678358077.920177	-0.15031353817690096	1
1678358157.130908	-0.14964552958976718	1
1678358236.347393	-0.15021880480045802	1
1678358315.560241	-0.15008330511859835	1
1678358394.770164	-0.15025226207862197	1
1678358474.094925	-0.14975282352516217	1
1678358553.666841	-0.14965048946878223	1
1678358632.879432	-0.1499322845070008	1
1678358712.203451	-0.15014974265457237	1
1678358791.42292	-0.14994975569986657	1
1678358870.673022	-0.14979722670712814	1
1678358949.889791	-0.1499579041763912	1
1678359029.1029	-0.14992363015382626	1
1678359108.320114	-0.1500927192504351	1
1678359187.529309	-0.14986737633342617	1
1678359266.769017	-0.15031972220636103	1
1678359345.989995	-0.15020215832756545	1
1678359425.197799	-0.15041655286553102	1
1678359504.4119	-0.1502034234167402	1
1678359583.628581	-0.1496771490228559	1
1678359662.845416	-0.1501504045716322	1
1678359742.05634	-0.15032739585651278	1
1678359821.269668	-0.1501080726674182	1
1678359900.479391	-0.1489139134410804	1
1678359979.686273	-0.1500071845932469	1
1678360058.904399	-0.1504365118491835	1
1678360138.119281	-0.15012459152368773	1
1678360217.326051	-0.14994371902291714	1
1678360296.539696	-0.15027287195339056	1
1678360375.749756	-0.15038632235934735	1
1678360454.967623	-0.15053950196706634	1
1678360534.17831	-0.15052978657963045	1
1678360613.478761	-0.15060236916392622	1
1678360692.70165	-0.15083653946442688	1
1678360771.911108	-0.15082910116208037	1
1678360851.132911	-0.15057376120349275	1
1678360930.349027	-0.1506126074175267	1
1678361009.558849	-0.15029723532543748	1
1678361088.768469	-0.15034279626300062	1
1678361167.986557	-0.15034824569293548	1
1678361247.219943	-0.15014362866494668	1
1678361326.435361	-0.15008776949558555	1
1678361405.645858	-0.15024219357740876	1
1678361484.867709	-0.1502216492815771	1
1678361565.983093	-0.1501856858523949	1
1678361645.189881	-0.15066048184388858	1
1678361724.400157	-0.15047389485922125	1
1678361803.615274	-0.15045035029008869	1
1678361882.824304	-0.15046635640188555	1
1678361962.037921	-0.15034115463656672	1
1678362041.256101	-0.15036783185244929	1
1678362120.469537	-0.15086658549937582	1
1678362199.772271	-0.15064862192496964	1
1678362279.009573	-0.15014117072370325	1
1678362358.22597	-0.15073776580582798	1
1678362437.4424	-0.15035119127063812	1
1678362516.650681	-0.15035706128040172	1
1678362595.86534	-0.15023007186613935	1
1678362675.072656	-0.14992608699923604	1
1678362754.282782	-0.15048265839346175	1
1678362833.502378	-0.1500869530901756	1
1678362912.713511	-0.15034345233789104	1
1678362991.922765	-0.15036749183025133	1
1678363071.129259	-0.14974580508356983	1
1678363150.463327	-0.14976636980802382	1
1678363229.683176	-0.1502662574732181	1
1678363308.890811	-0.150176495646396	1
1678363388.101302	-0.15015681047428764	1
1678363467.399131	-0.15049938069083524	1
1678363546.622852	-0.15036583385849855	1
1678363625.852075	-0.15001176884793388	1
1678363705.068106	-0.15015635194644084	1
1678363784.316677	-0.14995803734027913	1
1678363863.529984	-0.15003003225351463	1
1678363942.846682	-0.15032065338972256	1
1678364022.064835	-0.14995038567647168	1
1678364101.285055	-0.15019106397395543	1
1678364180.511183	-0.15011848750504164	1
1678364259.723954	-0.15028015860045496	1
1678364338.939565	-0.15018978743126077	1
1678364418.166967	-0.15044977520870706	1
1678364497.386269	-0.15031792257468268	1
1678364576.600356	-0.15069871902052512	1
1678364655.819398	-0.1507092921795703	1
1678364735.030356	-0.15099333263088166	1
1678364814.242519	-0.15073641614676436	1
1678364893.45412	-0.15055356625431404	1
1678364972.660013	-0.15059919013612344	1
1678365051.873098	-0.15087131926890862	1
1678365131.080852	-0.15068693426724522	1
1678365210.294082	-0.15073155746309563	1
1678365289.502608	-0.1510685190569223	1
1678365368.715358	-0.15085827377488847	1
1678365448.032731	-0.1510846908969583	1
1678365527.25091	-0.15104073052251898	1
1678365606.470895	-0.15099115515666472	1
1678365685.682567	-0.15075368759271868	1
1678365764.896883	-0.15120042993891403	1
1678365844.102694	-0.1506632598685691	1
1678365923.317038	-0.1504701485842359	1
1678366002.646703	-0.15076722336982673	1
1678366081.865998	-0.15110459321074732	1
1678366161.292033	-0.15057783106432865	1
1678366240.513128	-0.15112857719371764	1
1678366319.726584	-0.1506969842950161	1
1678366399.024654	-0.1510458677339841	1
1678366478.252685	-0.1507102410642185	1
1678366557.464154	-0.15061294428801286	1
1678366636.677186	-0.15074186561258696	1
1678366715.889935	-0.15017905931995923	1
1678366795.099426	-0.15002990436684982	1
1678366874.313051	-0.14998647157047795	1
1678366953.527332	-0.15021741004795786	1
1678367032.739121	-0.15081363940049108	1
1678367111.953049	-0.15105992298870952	1
1678367191.163316	-0.1505975959433945	1
1678367270.376002	-0.15057029412875522	1
1678367349.58774	-0.15027385292478446	1
1678367428.917489	-0.15104373979849317	1
1678367508.135946	-0.15087872079248843	1
1678367587.351502	-0.15065615666193466	1
1678367666.568319	-0.1514026797247583	1
1678367745.780593	-0.151052216592932	1
1678367824.992866	-0.15098912454184088	1
1678367904.202719	-0.15125799472102308	1
1678367983.411574	-0.15095851270301708	1
1678368062.722078	-0.1510472000743226	1
1678368141.941874	-0.15108519812300614	1
1678368221.154302	-0.15109094380496213	1
1678368300.365348	-0.1512642191664071	1
1678368379.576981	-0.15127077995092275	1
1678368458.952878	-0.15084276009686892	1
1678368538.166723	-0.1509789822746228	1
1678368617.38262	-0.15120649142832754	1
1678368696.597316	-0.15114618605995922	1
1678368775.808989	-0.15093205783017982	1
1678368855.019883	-0.1509528808146996	1
1678368934.243405	-0.15154111388859715	1
1678369013.540917	-0.151933075656971	1
1678369092.754845	-0.15085281342576184	1
1678369172.021909	-0.15080015561966942	1
1678369251.25354	-0.15127088624171137	1
1678369330.462887	-0.15090331818612768	1
1678369409.675584	-0.1509905926945354	1
1678369488.886043	-0.15077901120873705	1
1678369568.169336	-0.1505651165599433	1
1678369647.395036	-0.15100644845902877	1
1678369726.602293	-0.1504477262721009	1
1678369805.814239	-0.15062842786716324	1
1678369885.029036	-0.15078769686144344	1
1678369964.244762	-0.15090372943522556	1
1678370043.45231	-0.15082263195077772	1
1678370122.662088	-0.15042936711753718	1
1678370201.870972	-0.15084754785581378	1
1678370281.163142	-0.15068341029514354	1
1678370360.385911	-0.15038271139014814	1
1678370439.608118	-0.15071790303840427	1
1678370518.821477	-0.15048982994121296	1
1678370598.036741	-0.15105645889878971	1
1678370677.249975	-0.15056511787934213	1
1678370756.462062	-0.1506387367038604	1
1678370835.678451	-0.14959636990314884	1
1678370914.893711	-0.1506904081711058	1
1678370994.156119	-0.1502700067119811	1
1678371073.38028	-0.15041895340358824	1
1678371152.59009	-0.15033075043797695	1
1678371231.803097	-0.15062753687069996	1
1678371311.019629	-0.15048412992684224	1
1678371390.242696	-0.15019754580011924	1
1678371469.450226	-0.15003813858483905	1
1678371548.657399	-0.14985223634682576	1
1678371627.864405	-0.15000278534435907	1
1678371707.084698	-0.14955237463174686	1
1678371786.296346	-0.14995140739898183	1
1678371865.507744	-0.15031049876317049	1
1678371944.716925	-0.15007114089794094	1
1678372023.925347	-0.15053662877186902	1
1678372103.147404	-0.1504938340365083	1
1678372182.485189	-0.1506687073603148	1
1678372261.706292	-0.14967794480841068	1
1678372340.923524	-0.15027358140360558	1
1678372420.135869	-0.15060977411201026	1
1678372499.350762	-0.1499503397842954	1
1678372578.573108	-0.15001081691834628	1
1678372657.785955	-0.14980981907115076	1
1678372737.001796	-0.15045644037004635	1
1678372816.210927	-0.1500029841761883	1
1678372895.485053	-0.14993740587700533	1
1678372974.705563	-0.14951046456818684	1
1678373053.91864	-0.14964044982971725	1
1678373133.127703	-0.14968766135640355	1
1678373212.339299	-0.1499390274673562	1
1678373291.547073	-0.1496316387567198	1
1678373370.755171	-0.1497083309326488	1
1678373449.962264	-0.14978594660100786	1
1678373529.179664	-0.14972942187867933	1
1678373608.566932	-0.14928465705951943	1
1678373687.784803	-0.1497289351405291	1
1678373766.996687	-0.14979438008812007	1
1678373846.214492	-0.14946651598031568	1
1678373925.527397	-0.14985826886661346	1
1678374004.742561	-0.14936851185043665	1
1678374083.972235	-0.1498700959443644	1
1678374163.189559	-0.1492276802352146	1
1678374242.49473	-0.14976528260639466	1
1678374321.714687	-0.1499763000390395	1
1678374401.011837	-0.14971965409509203	1
1678374480.225279	-0.15013597740023688	1
1678374559.438252	-0.14961271189795156	1
1678374638.653243	-0.14959882800642443	1
1678374717.865782	-0.14950270786482633	1
1678374797.077081	-0.15010296624121278	1
1678374876.298734	-0.15035439291655095	1
1678374955.509934	-0.15018027470786333	1
1678375034.724325	-0.150176688221757	1
1678375113.939784	-0.15030164833765536	1
1678375193.149648	-0.1498895768988131	1
1678375272.366003	-0.15055988149474864	1
1678375351.578299	-0.15026134301246596	1
1678375430.872154	-0.15004808305726236	1
1678375510.09085	-0.15040919342799342	1
1678375589.30276	-0.1498988879578773	1
1678375668.520709	-0.14986449024328774	1
1678375747.726018	-0.15033462214081883	1
1678375826.936842	-0.15023830453766251	1
1678375906.147176	-0.1508579617125303	1
1678375985.361772	-0.1499510927373393	1
1678376064.579286	-0.15038691199422427	1
1678376143.889236	-0.15030466579843793	1
1678376223.108899	-0.15103174366832928	1
1678376302.321006	-0.15025044505376162	1
1678376381.542137	-0.15102091121773054	1
1678376460.749528	-0.15069121727643076	1
1678376539.96377	-0.15080507370122387	1
1678376619.175443	-0.1512109947913034	1
1678376698.393342	-0.15042016374637335	1
1678376777.61782	-0.15102864977130004	1
1678376856.82893	-0.15147699761403022	1
1678376936.043165	-0.15111956760681355	1
1678377015.254225	-0.15099517277854702	1
1678377094.470921	-0.15097508469642307	1
1678377173.676715	-0.15078389131469017	1
1678377252.884497	-0.15025449684720904	1
1678377332.100547	-0.15041111693073628	1
1678377411.307709	-0.15032584964374696	1
1678377490.54596	-0.15071366876945103	1
1678377571.482686	-0.15058882231147486	1
1678377650.713372	-0.1497668436795898	1
1678377729.923068	-0.15001470892330726	1
1678377809.131787	-0.1501720267273754	1
1678377888.348832	-0.14993110285461064	1
1678377967.56563	-0.14993349115243326	1
1678378046.793658	-0.14964177787339583	1
1678378126.022941	-0.15038284748923214	1
1678378205.470835	-0.14997189225139884	1
1678378284.703652	-0.1506778957408974	1
1678378363.916658	-0.1492603589482373	1
1678378443.131248	-0.1488589970048242	1
1678378522.377041	-0.1497351663042128	1
1678378601.590733	-0.14979747261914156	1
1678378680.812977	-0.15011381513241862	1
1678378760.104097	-0.14952441584683207	1
1678378839.32216	-0.14921944372922713	1
1678378918.545369	-0.14933138518194777	1
1678378997.804763	-0.14915879983912994	1
1678379077.038183	-0.14904090497393696	1
1678379156.248412	-0.14907104717853858	1
1678379235.458694	-0.1490577169555518	1
1678379314.678249	-0.1493638382862894	1
1678379393.97218	-0.149539342812524	1
1678379473.184438	-0.1496705984681368	1
1678379552.395832	-0.1489791923365038	1
1678379631.603005	-0.14992750730872118	1
1678379710.820946	-0.14977106040801225	1
1678379790.031098	-0.14956954874525064	1
1678379869.256157	-0.14940723486668261	1
1678379948.481588	-0.14902966311446342	1
1678380027.702835	-0.14979528415619559	1
1678380106.955472	-0.14977073197477075	1
1678380186.170592	-0.14974643594618264	1
1678380265.376767	-0.1501527531866289	1
1678380344.586246	-0.1498645619036214	1
1678380423.807122	-0.1491288360455858	1
1678380503.019469	-0.15055060812253007	1
1678380582.226978	-0.15014237610352676	1
1678380661.439551	-0.14861944961844475	1
1678380740.659669	-0.14970739870566963	1
1678380819.893893	-0.1500503821975343	1
1678380899.109203	-0.14977536670099845	1
1678380978.319746	-0.15032737493264747	1
1678381057.533684	-0.14966204923674287	1
1678381136.746842	-0.14972010243699518	1
1678381215.954427	-0.1498181875089033	1
1678381295.168629	-0.14972151256128186	1
1678381374.377629	-0.15039025587742394	1
1678381453.602728	-0.15075511773383798	1
1678381532.812684	-0.14999474863883844	1
1678381612.024111	-0.1502624291527015	1
1678381691.241745	-0.15019635877154514	1
1678381770.458372	-0.15018593498756072	1
1678381849.697513	-0.15093600823528508	1
1678381928.917269	-0.15042226270512415	1
1678382008.128201	-0.15022246337516076	1
1678382087.340557	-0.15040416540114787	1
1678382166.559853	-0.15034396266426686	1
1678382245.772407	-0.1502660563834226	1
1678382324.985572	-0.14970499641403112	1
1678382404.197941	-0.14999162364780538	1
1678382483.411139	-0.15031605640591916	1
1678382562.623312	-0.1500434569088842	1
1678382641.899479	-0.14984827004346446	1
1678382721.120641	-0.1499305889710767	1
1678382800.333415	-0.1496944854019855	1
1678382879.542787	-0.15038175608672155	1
1678382958.762657	-0.14963839135180734	1
1678383037.975356	-0.1495891961930278	1
1678383117.1911	-0.14930719556102545	1
1678383196.405091	-0.14983288966610164	1
1678383275.616222	-0.1487684591748062	1
1678383354.8264	-0.14916202160805803	1
1678383434.039862	-0.14895489778853133	1
1678383513.248969	-0.1493494330406513	1
1678383592.461402	-0.14939759309334644	1
1678383671.676909	-0.14948820653313621	1
1678383750.884826	-0.14938964722807047	1
1678383830.104	-0.14930223297490386	1
1678383909.315918	-0.14916308717810267	1
1678383988.523745	-0.14972826283490104	1
1678384067.736418	-0.1502885696668681	1
1678384146.963844	-0.14977667064805633	1
1678384226.173375	-0.14972487403460555	1
1678384305.383492	-0.1497109904370646	1
1678384384.606774	-0.14959828839237233	1
1678384463.820578	-0.15012222612529325	1
1678384543.030464	-0.14962843591243047	1
1678384622.242283	-0.14971500381892344	1
1678384701.494821	-0.15029806541315516	1
1678384780.732808	-0.1497135310380049	1
1678384859.948129	-0.14981136474705004	1
1678384939.161437	-0.1497885096678715	1
1678385018.371669	-0.1496849520720378	1
1678385097.594847	-0.1499585366017806	1
1678385176.81013	-0.15051424289469484	1
1678385256.022156	-0.1502225783307516	1
1678385335.233516	-0.14983720828211133	1
1678385414.45703	-0.14993171197996613	1
1678385493.668845	-0.14993183612051464	1
1678385572.876553	-0.14978776699186014	1
1678385652.085061	-0.14985698615512977	1
1678385731.318081	-0.14929452513049402	1
1678385810.535223	-0.1494718381951312	1
1678385889.742985	-0.14976487289563867	1
1678385968.953732	-0.14997041642976594	1
1678386048.170817	-0.1495469499101647	1
1678386127.395445	-0.1497729015614464	1
1678386206.606329	-0.14993766682066845	1
1678386285.815248	-0.15073319312101763	1
1678386365.025951	-0.15020433002882516	1
1678386444.353833	-0.1503519408085756	1
1678386523.571845	-0.15028959712613776	1
1678386602.784347	-0.15034443394058095	1
1678386681.993557	-0.1490710319863302	1
1678386761.202841	-0.15016188369429617	1
1678386840.413273	-0.15036524309856603	1
1678386919.62809	-0.15024516775438457	1
1678386998.841053	-0.150205711157815	1
1678387078.049586	-0.14976848280460242	1
1678387157.267228	-0.15001155601485472	1
1678387236.482557	-0.1499887999617009	1
1678387315.690698	-0.14971110248310104	1
1678387394.898787	-0.15005441235061667	1
1678387474.111887	-0.14924525904512276	1
1678387553.322899	-0.14948525640567656	1
1678387632.544738	-0.1496175572615135	1
1678387711.75228	-0.14962846842607558	1
1678387790.963081	-0.14934952756736486	1
1678387870.171405	-0.1493873196170954	1
1678387949.392709	-0.14985498239999373	1
1678388028.600652	-0.1499798417132654	1
1678388107.813116	-0.15014693805390333	1
1678388187.03317	-0.1500335353444191	1
1678388266.247296	-0.14904093771603666	1
1678388345.483162	-0.14997683992865074	1
1678388424.703285	-0.15015696341873674	1
1678388503.949008	-0.1494454972217909	1
1678388583.167928	-0.14981377216053193	1
1678388662.375742	-0.1496407400177162	1
1678388741.58678	-0.14975169328175664	1
1678388820.812658	-0.14969457150525578	1
1678388900.033405	-0.14962056702991156	1
1678388979.246039	-0.14967097865633683	1
1678389058.462203	-0.14973504401846593	1
1678389137.674459	-0.14985457284591863	1
1678389216.890865	-0.15006067179602578	1
1678389296.099832	-0.1496942758441442	1
1678389375.313221	-0.1501567664617145	1
1678389454.521449	-0.14996842647698028	1
1678389533.729074	-0.14970531751016924	1
1678389612.936895	-0.1497415181434789	1
1678389692.155321	-0.1501600291130636	1
1678389771.369562	-0.15031197845830047	1
1678389850.604894	-0.14983278284610435	1
1678389929.822068	-0.14981073113442367	1
1678390009.107747	-0.14971396544905424	1
1678390088.329848	-0.1493693482016374	1
1678390167.588064	-0.15037754970751482	1
1678390246.809182	-0.1502932573377196	1
1678390326.027301	-0.15019944592423506	1
1678390405.244199	-0.15010135745380992	1
1678390484.474205	-0.14970599176966903	1
1678390563.697764	-0.14961186032862805	1
1678390642.909106	-0.1498325804057492	1
1678390722.11972	-0.15006066739388224	1
1678390801.394184	-0.14942782517231823	1
1678390880.612649	-0.1487868267203103	1
1678390959.825082	-0.14903299558945804	1
1678391039.03902	-0.1494194343551536	1
1678391118.252221	-0.14931704274655555	1
1678391197.466311	-0.14892632582960275	1
1678391276.686228	-0.14918818488744456	1
1678391355.898974	-0.14877469585927283	1
1678391435.116585	-0.1489738941968941	1
1678391514.327134	-0.14842760987726766	1
1678391593.545796	-0.1490550742435186	1
1678391672.758969	-0.14919914948255109	1
1678391751.971377	-0.149203661283698	1
1678391831.182013	-0.1495567938333373	1
1678391910.396656	-0.14981233181915332	1
1678391989.611298	-0.15039133103354185	1
1678392068.827216	-0.1503204802937601	1
1678392148.032944	-0.15040546027485568	1
1678392227.244917	-0.14974817650919103	1
1678392306.455904	-0.14987533952369603	1
1678392385.665169	-0.14964578720938615	1
1678392464.879295	-0.14969376654053868	1
1678392544.096416	-0.1496983829196541	1
1678392623.30785	-0.14935976030351572	1
1678392702.516538	-0.1491308716779196	1
1678392781.731305	-0.1494910772257123	1
1678392860.941093	-0.14961280325613746	1
1678392940.157574	-0.14957066439873135	1
1678393019.365441	-0.14963961148001736	1
1678393098.574929	-0.14996545596686062	1
1678393177.782219	-0.14998131014902683	1
1678393257.013968	-0.14970897226756819	1
1678393336.240062	-0.1496872885992584	1
1678393415.473766	-0.1494286885731526	1
1678393494.68918	-0.14951466244754918	1
1678393573.900241	-0.14973115842719942	1
1678393653.112107	-0.14926859287420324	1
1678393732.327342	-0.1495721562534884	1
1678393811.541506	-0.14967852842477214	1
1678393890.752696	-0.14935524225473085	1
1678393975.480325	-0.012457594504601488	1
1678394054.693863	-0.0007577344004063846	1
1678394268.933568	-0.0005981271028883128	1
1678394362.280148	-0.0006785150836057241	1
1678394441.487526	-0.0006278511412762811	1
1678394520.696438	-0.0004075480187122338	1
1678394599.911241	-0.0005660092453760868	1
1678394679.141559	-0.0005145070514869232	1
1678394758.358036	-0.00038467028423649907	1
1678394837.577901	-0.0006545952463152815	1
1678394916.785818	-0.001871332196590636	1
1678394996.001627	-0.0009788901077545376	1
1678395055.461671	-0.00038854284200029454	1
1678395075.236267	-0.0007863252579216606	1
1678395151.909264	-0.00018973018793744245	1
1678395154.448334	0.0003571588574740048	1
1678395233.660714	-0.00046359569255738364	1
1678395312.868968	-0.0006113112994912129	1
1678395392.079811	-0.0006526233572330398	1
1678397246.57795	-0.0003194231390839519	1
1678397325.786508	-0.0008107885114458924	1
1678465440.814137	0.0043472654345873	1
1678465527.614894	-0.00026043916518769805	1
1678465606.822727	-0.00067393010186656	1
1678465686.027903	-0.0006066842217116175	1
1678465765.233938	-0.0006367144171086636	1
1678465844.438583	-0.0002175636964167893	1
1678465923.653766	-0.00015000473343573795	1
1678466002.860842	1.1992869939803086e-05	1
1678466082.067974	-0.00033402688339378983	1
1678466161.272783	-0.00041086730350947676	1
1678466240.480846	-0.0005228353821820075	1
1678466319.687227	-0.0005514980241946299	1
1678466398.893102	-0.00048752244653194055	1
1678466478.099854	-0.0004383176508824249	1
1678466557.306098	-0.0004956303494489944	1
1678466636.513461	-0.0005941735881771493	1
1678466715.720622	-0.0006444671473124775	1
1678466794.926727	-0.0005856116036047077	1
1678466874.135236	-0.00042070173193486937	1
1678466976.524989	-0.0005725445713480326	1
1678467058.051215	-5.101477543867361e-05	1
1678467137.258927	0.00014706018908228202	1
1678467216.465283	7.52727658159813e-05	1
1678467295.671875	-0.000142152008420382	1
1678467374.879489	-8.197070268334272e-05	1
1678467454.084043	9.37128057509895e-05	1
1678467533.290623	2.4100216945655006e-05	1
1678467612.499287	6.864773027626114e-05	1
1678467691.707165	0.00021226387700590266	1
1678467770.918338	9.39359542018181e-05	1
1678467850.123914	0.00026795107894717063	1
1678467929.329709	0.00039651192718004324	1
1678468008.536919	0.00018884015018461042	1
1678470826.307659	0.00018415483357703266	1
1678470920.999753	8.620044333440546e-05	1
1678471000.205605	-6.121077422704957e-08	1
1678471079.41275	0.00010899983426071458	1
1678471158.623098	0.0001375743150751063	1
1678471400.089762	-0.01428509398833988	1
1678471431.11746	-0.041045641734736904	1
1678471450.931306	-0.0473046373245154	1
1678471470.744344	-0.05086580873204127	1
1678471490.554738	-0.05012141748473109	1
1678471510.367566	-0.04870747281661458	1
1678471530.18005	-0.04743195092112984	1
1678471549.992246	-0.04607707646567061	1
1678471569.804872	-0.045202949280434446	1
1678471589.615812	-0.04407630049369082	1
1678471609.428008	-0.043174915353260346	1
1678471629.240068	-0.04232285557762694	1
1678471649.050444	-0.041289554243395976	1
1678471668.861331	-0.04044523269669753	1
1678471688.67806	-0.03980373376395008	1
1678471708.498322	-0.03897958538929558	1
1678471728.316997	-0.03813768963246922	1
1678471748.129194	-0.03742252605827101	1
1678471767.940103	-0.036533503455537186	1
1678471787.750732	-0.035865741990669164	1
1678471807.562342	-0.03525829030511929	1
1678471827.372693	-0.034917304602913646	1
1678471847.183332	-0.034314647278342214	1
1678471866.995717	-0.03334650775647496	1
1678471886.809337	-0.03342880917827262	1
1678471906.620061	-0.032606441546128906	1
1678471926.433613	-0.03217190150192373	1
1678471946.247602	-0.031541503165510854	1
1678471966.061075	-0.031098305767166323	1
1678471985.875349	-0.03079095519947339	1
1678472005.687698	-0.03034683740744093	1
1678472025.502692	-0.02973601573417639	1
1678472353.261491	-0.021977452394409625	1
1678472373.073264	-0.021306577374282654	1
1678472392.886622	-0.020764459261760848	1
1678472412.703744	-0.02056752735567624	1
1678472432.517885	-0.020033406582789404	1
1678472452.331139	-0.01980847732539459	1
1678472472.142813	-0.019142380693772054	1
1678472491.952952	-0.018972608196854424	1
1678472511.764135	-0.018834766161344163	1
1678472531.575623	-0.018306614782765074	1
1678472551.387531	-0.018179951831825747	1
1678472571.199077	-0.017896682475482706	1
1678472591.011598	-0.017371755121183163	1
1678472612.093961	-0.016828443836494955	1
1678472631.904875	-0.01656669407554645	1
1678472651.714645	-0.016390571434631518	1
1678472671.526129	-0.01478419717450663	1
1678472691.337356	-0.009724065181320185	1
1678472711.148252	-0.004997944467901583	1
1678472730.960908	-0.0022358565554272403	1
1678472750.774182	-0.0008572261331929454	1
1678472770.612096	-0.00031500351959845574	1
1678472790.442659	-0.000214008846965541	1
1678472810.255768	-0.00043242356050399167	1
1678472830.065542	-0.0001943281483862691	1
1678472849.878666	-0.00019655631278947538	1
1678473055.109593	-0.0006828644932372896	1
1678473074.924688	-0.0007544882570043043	1
1678473094.738949	-0.0009953259065946796	1
1678473114.550265	-0.000619757956194178	1
1678473134.361556	-0.0007608511931964657	1
1678473154.173437	-0.00041226368668390023	1
1678473173.983949	-0.0007330682183592785	1
1678473193.793689	-0.00035849638101836945	1
1678473213.606685	-0.0007960399816102637	1
1678473233.417761	-0.0004911491364785192	1
1678473253.231263	-0.0006701710728052035	1
1678473273.045361	-0.0005504051352165362	1
1678473292.855641	-0.0004816565493142022	1
1678473312.667254	-0.0006031627380496118	1
1678473332.478599	-0.0005759809491889811	1
1678473352.293078	-0.0007777179000090229	1
1678473372.105478	-0.0006847367883136002	1
1678473391.923604	-0.00101273975157401	1
1678473411.743677	-0.0006161597190716961	1
1678473431.55532	-0.0006589231814544405	1
1678473451.369311	-0.0010166686938246627	1
1678473471.179083	-0.0009241502946188973	1
1678473490.989204	-0.0016602357456969585	1
1678473510.8032	-0.00012426379867935822	1
1678473530.615696	-0.001365733051910567	1
1678473550.427639	-0.0013604361615764393	1
1678473570.239769	-0.0010961008070529132	1
1678473590.066861	-0.0009026322519516405	1
1678473609.88836	-0.00979457977453757	1
1678473629.699181	-0.01948219231142101	1
1678473649.517265	-0.028924946420939346	1
1678473669.329042	-0.02743375271716264	1
1678473689.141921	-0.018752503573631785	1
1678473717.936617	-0.008801647705201532	1
1678473737.77715	-0.003384767066334504	1
1678473757.60963	0.0006101838096430612	1
1678473777.42165	0.0045871339037732994	1
1678473797.233874	0.006586758352007394	1
1678473817.046888	0.009924020880821338	1
1678473836.859163	0.01569654191203096	1
1678473856.66962	0.020248340361400885	1
1678473876.481001	0.024343258658743316	1
1678473896.291747	0.030766042931190896	1
1678473916.104696	0.03673118301189948	1
1678473935.917314	0.04163823261533839	1
1678473955.732397	0.046090118754237075	1
1678473975.543954	0.049897146987331276	1
1678473995.355269	0.053312086507436796	1
1678474015.170241	0.05614887445792327	1
1678474034.984738	0.05857306230320436	1
1678474054.797162	0.06004388708411845	1
1678474074.609112	0.06151503466915731	1
1678474094.425044	0.06333743001089243	1
1678474114.236807	0.06499232105909503	1
1678474134.046894	0.06586171207723002	1
1678474153.860403	0.06753652822598166	1
1678474173.677749	0.07044487380713349	1
1678474193.489578	0.07298398627998104	1
1678474213.300291	0.07481725926049254	1
1678474233.114892	0.07658376916692511	1
1678474252.926588	0.07790393291573583	1
1678474272.740744	0.07941728720106678	1
1678474292.560795	0.08070893543323354	1
1678474312.376408	0.08197284302598362	1
1678474332.186776	0.08314500985635132	1
1678474351.998482	0.08392157196925876	1
1678474371.808758	0.0854163516265265	1
1678474391.619603	0.08624040174815395	1
1678474411.43342	0.08707421796964532	1
1678474431.245094	0.0881626786050731	1
1678474451.057746	0.08907555989545468	1
1678474470.867905	0.08966380850991573	1
1678474490.680854	0.09069684525941568	1
1678474510.494308	0.09182894165128452	1
1678474530.308957	0.092600950347415	1
1678474550.11989	0.09316413697102988	1
1678474569.933645	0.09350752209919211	1
1678474591.027391	0.09443812363655191	1
1678474610.842127	0.09520747958616305	1
1678474630.655705	0.09582954006318278	1
1678474650.470437	0.0960954814616013	1
1678474670.285986	0.09702570754748319	1
1678474690.098599	0.09754452448360063	1
1678474709.915188	0.09769928470622613	1
1678474729.727212	0.09818802089364453	1
1678474749.539041	0.09919130390862918	1
1678474769.349976	0.09932391072755209	1
1678474789.16254	0.09997841029561627	1
1678474808.974451	0.1002779853078648	1
1678474828.788247	0.10088166458694303	1
1678474848.603014	0.1010383212735988	1
1678474868.419729	0.10125283364320925	1
1678474888.231107	0.10172150270710922	1
1678474908.042428	0.10215304618410492	1
1678474927.853324	0.10261149851563722	1
1678474947.668653	0.10338018180092323	1
1678474967.481008	0.10349256591395672	1
1678474987.302161	0.10364054923998633	1
1678475007.121769	0.10415600115976709	1
1678475026.934129	0.10454950215830117	1
1678475046.748227	0.10486077058008902	1
1678475066.559265	0.1053846804515759	1
1678475086.370919	0.10566553919863075	1
1678475106.186434	0.1062568844156786	1
1678475126.00354	0.10664078664797838	1
1678475145.820296	0.10723641392598537	1
1678475165.632318	0.10743624664134721	1
1678475185.446168	0.10787615044321708	1
1678475205.257702	0.10865141882461327	1
1678475225.070874	0.10900120452854889	1
1678475244.883577	0.10945451023690023	1
1678475264.696588	0.10997339710514709	1
1678475284.509697	0.11046853761757891	1
1678475304.321322	0.1106850386871816	1
1678475324.133814	0.11091481760193034	1
1678475343.946684	0.11125725812191245	1
1678475363.761114	0.11124859387264863	1
1678475383.576229	0.1120170348288454	1
1678475403.38692	0.11213567454845208	1
1678475423.201207	0.11263631189577694	1
1678475443.011881	0.11299270818921592	1
1678475462.828875	0.11293162405351875	1
1678475483.877582	0.11319412623450997	1
1678475503.687849	0.11363514524811702	1
1678475523.499403	0.11386585496373502	1
1678475543.315421	0.11392008246214758	1
1678475563.126724	0.11455577427247476	1
1678475582.937632	0.11469700170379582	1
1678475602.753612	0.11515140825170445	1
1678475622.565582	0.115401831500197	1
1678475642.376265	0.11541573689798579	1
1678475662.182697	0.11547743530942611	1
1678475681.994397	0.11572653200746608	1
1678475701.806523	0.11623380556208218	1
1678475721.64993	0.11615596432592223	1
1678475741.461259	0.11647294904059802	1
1678475761.274597	0.11799879345071673	1
1678475781.086869	0.11876883303559538	1
1678475800.90519	0.11912156906703686	1
1678475820.715824	0.119031110101119	1
1678475840.526604	0.1196348670419205	1
1678475860.337359	0.11968875285353864	1
1678475880.148719	0.11998042972127365	1
1678475899.963471	0.12024266242779635	1
1678475919.779546	0.12023456336869653	1
1678475939.592197	0.12058328406221808	1
1678475959.403959	0.12058988019069972	1
1678475979.21522	0.1208318471174783	1
1678475999.027987	0.12085063146455699	1
1678476018.843062	0.12117939380742104	1
1678476038.654529	0.12150014209032367	1
1678476058.467479	0.1210627928008483	1
1678476078.2788	0.12163494769028205	1
1678476098.092913	0.1218895969737046	1
1678476117.908006	0.12190214697452095	1
1678476137.723429	0.12210731783254669	1
1678476157.537234	0.12252634941935892	1
1678476177.35227	0.12227979473854411	1
1678476197.168564	0.1222703157552747	1
1678476216.981456	0.12277036497928062	1
1678476236.808886	0.12275691411204637	1
1678476256.636001	0.12288006767591586	1
1678476276.447063	0.12339168877779993	1
1678476296.258265	0.12306218010786019	1
1678476316.072458	0.12393056075991193	1
1678476335.88215	0.12369547060519803	1
1678476355.6928	0.12384248484011184	1
1678476375.503498	0.12380544393224735	1
1678476395.317042	0.12420012871997077	1
1678476415.130808	0.1242088751326147	1
1678476434.941773	0.12424808629603046	1
1678476454.760214	0.12452721114489407	1
1678476474.573165	0.12465280099087206	1
1678476494.391394	0.12470341896247206	1
1678476514.207921	0.12493155324796845	1
1678476534.023972	0.1250844038094412	1
1678476553.836909	0.12538095338652244	1
1678476573.653695	0.12537183631122595	1
1678476593.466552	0.1253925983666253	1
1678476613.281085	0.12595528001065048	1
1678476633.095946	0.1255246737690774	1
1678476652.9071	0.12534001980551768	1
1678476672.722692	0.12595729450905502	1
1678476692.540695	0.12594977921511052	1
1678476712.357035	0.12616136260792032	1
1678476732.1674	0.12622987604763303	1
1678476751.980276	0.12639491104538703	1
1678476771.796635	0.1265898333785822	1
1678476791.610084	0.1273357966887083	1
1678476811.422541	0.12725974486426495	1
1678476831.256286	0.1275834888088765	1
1678476851.07227	0.12733045025970569	1
1678476870.884656	0.12769578772143753	1
1678476890.700429	0.12826186603752543	1
1678476910.510406	0.128342456601942	1
1678476930.327674	0.12767780961653763	1
1678476950.139338	0.1281286677506639	1
1678476969.952139	0.12829301878600496	1
1678476989.764024	0.12830917121350716	1
1678477009.589846	0.12856794923886117	1
1678477029.40416	0.1288408661400977	1
1678477049.21628	0.12875396064921052	1
1678477069.034019	0.1290376039602057	1
1678477088.84697	0.1287926228251539	1
1678477156.481106	0.129161826151166	1
1678477215.890224	0.12982979439403852	1
1678477298.978169	0.13015842498760755	1
1678477358.388762	0.1303374556828496	1
1678477417.803418	0.13054155201409934	1
1678477477.211337	0.13105017392822305	1
1678477536.625277	0.13122166384639478	1
1678477596.039723	0.13115450651525595	1
1678477655.450544	0.13142060153899848	1
1678477714.863584	0.1316522695490976	1
1678477774.272683	0.13180778209452004	1
1678477833.686209	0.1327102854519051	1
1678477893.093595	0.13344193087182354	1
1678477952.500757	0.13407045817424468	1
1678478011.909851	0.1350061558509017	1
1678478071.330675	0.13562857473536294	1
1678478130.73931	0.1368719884289593	1
1678478190.150527	0.13639443667972007	1
1678478249.561753	0.13744076714171793	1
1678478308.971724	0.13754212124249854	1
1678478368.390279	0.13869867795123536	1
1678478427.799583	0.1391426054545848	1
1678478487.212194	0.1389928424988236	1
1678478546.625413	0.13945535404484488	1
1678478606.039089	0.14116598003526093	1
1678478665.446969	0.13996796792452137	1
1678478724.857042	0.14004811651182258	1
1678478784.271121	0.14004878304602908	1
1678478843.679856	0.1401872489522571	1
1678478903.091905	0.14020168059733784	1
1678478962.505975	0.1412120727828956	1
1678479021.915488	0.14180637853770062	1
1678479081.328605	0.1413428438314206	1
1678479140.736213	0.14184749363330518	1
1678479200.149759	0.1420939269593795	1
1678479259.563339	0.14237759881384182	1
1678479318.974128	0.14254074642195214	1
1678479378.381522	0.14296502851957005	1
1678479437.789705	0.1429482262076167	1
1678479497.200815	0.14204546942517116	1
1678479556.608143	0.14316501011943128	1
1678479616.019253	0.14247926830216873	1
1678479675.433368	0.143055211512241	1
1678479734.841369	0.1432316350875844	1
1678479794.256062	0.14370746484714214	1
1678479853.667661	0.1436637931359055	1
1678479913.075713	0.14392742405057923	1
1678479972.487095	0.14377432598986317	1
1678480031.897405	0.1444465894480471	1
1678480091.32907	0.14443727236176862	1
1678480150.739009	0.1440771786377848	1
1678480210.148105	0.144560510672326	1
1678480269.558221	0.14467581376075067	1
1678480328.96847	0.14456330193830524	1
1678480388.378245	0.14459679440182072	1
1678480447.791501	0.14528572244992688	1
1678480507.202119	0.1450992275479841	1
1678480566.613731	0.14495430014588884	1
1678480626.028824	0.14459499849033275	1
1678480685.439938	0.14475918939787835	1
1678480744.850165	0.14461359100462	1
1678480804.268523	0.14457244872810548	1
1678480863.684417	0.14474858526273948	1
1678480923.094605	0.14480484042627406	1
1678480982.50583	0.14520519927477427	1
1678481041.920725	0.14492148405981364	1
1678481101.336819	0.1448117346150708	1
1678481160.744401	0.145379753868081	1
1678481220.158233	0.14497084630849688	1
1678481279.582567	0.14453165412171654	1
1678481339.004664	0.143969386399192	1
1678481398.420449	0.14493246016688666	1
1678481457.82898	0.1455351309623225	1
1678481517.24088	0.14645877191312362	1
1678481576.662344	0.14483535205239573	1
1678481636.072843	0.1462440394182023	1
1678481695.485302	0.14594819264126002	1
1678481754.893176	0.14548221359000824	1
1678481814.302638	0.14545622999178676	1
1678481873.83122	0.1466696690464504	1
1678481933.242026	0.14621859894564437	1
1678481992.650104	0.1464062348800903	1
1678482052.060114	0.1463368237856475	1
1678482111.470741	0.14629433941123793	1
1678482170.886698	0.14677490591338138	1
1678482230.297842	0.14601854335575304	1
1678482290.98619	0.14630634640442253	1
1678482350.405524	0.14648149864510174	1
1678482409.822457	0.1467075731223879	1
1678482469.236237	0.1461713301433294	1
1678482528.647598	0.14673605324039762	1
1678482588.055239	0.14642385080714426	1
1678482647.463919	0.14626808528653878	1
1678482706.874634	0.14553921556767246	1
1678482766.300328	0.14645078143048718	1
1678482825.724011	0.14663200043969216	1
1678482885.140882	0.1467476580329734	1
1678482944.552869	0.14707841300570035	1
1678483003.962153	0.14697220893977825	1
1678483063.392373	0.14698080821013715	1
1678483122.813711	0.14678397584596947	1
1678483182.223848	0.1471841223072392	1
1678483241.633662	0.1471719899999675	1
1678483301.048139	0.14728286964048998	1
1678483360.45797	0.14709041223170605	1
1678483419.873395	0.14709752614198646	1
1678483479.283493	0.14712606584339127	1
1678483538.692718	0.14722836964582164	1
1678483598.109416	0.14746051509261715	1
1678483657.525402	0.14744079470714322	1
1678483716.935336	0.147340679910422	1
1678483776.345722	0.14747959183079296	1
1678483835.75978	0.14735796168199844	1
1678483895.166713	0.1475214886154479	1
1678483954.580471	0.14714979881105172	1
1678484013.988713	0.14753039620610942	1
1678484073.401839	0.14733549636762167	1
1678484132.808944	0.14748191299587265	1
1678484192.218759	0.14764508816342659	1
1678484251.629195	0.14728637751853135	1
1678484311.03907	0.14723241947741883	1
1678484370.448435	0.1467561790778733	1
1678484429.859132	0.14646974116645772	1
1678484489.270046	0.14659774035942164	1
1678484548.67929	0.14659386012423692	1
1678484608.090283	0.1468901046300921	1
1678484667.502003	0.14709643816299867	1
1678484726.90993	0.14736619810795037	1
1678484786.321215	0.1474189249621194	1
1678484845.731487	0.14774874943337934	1
1678484905.15591	0.14787304570999904	1
1678484964.595784	0.14802792762790506	1
1678485024.005357	0.14800390246226858	1
1678485083.413303	0.14773674962961358	1
1678485142.822319	0.14727768112044526	1
1678485202.242222	0.1468530439045912	1
1678485261.659984	0.14643300778072188	1
1678485321.069151	0.14601991956124571	1
1678485380.484912	0.14576986526241953	1
1678485439.895416	0.1458901395867933	1
1678485499.306008	0.14568711033938708	1
1678485558.716949	0.14560701598922599	1
1678485618.126472	0.14559919184006276	1
1678485677.536278	0.14553283134512718	1
1678485736.944464	0.14580343777826155	1
1678485796.355262	0.1461132668176921	1
1678485855.77381	0.1465217011801565	1
1678485915.191004	0.1472013647415622	1
1678485974.605122	0.14756693312918934	1
1678486034.013836	0.1478211540428127	1
1678486093.423756	0.1478393284386419	1
1678486152.846268	0.1479157408454821	1
1678486212.26412	0.1480458272428251	1
1678486271.673983	0.14842957275833424	1
1678486331.083006	0.14844832629677462	1
1678486390.492368	0.14858873279985474	1
1678486449.900438	0.14834054015934317	1
1678486509.309204	0.14857365554700142	1
1678486568.717262	0.14863019864661187	1
1678486628.132123	0.14832115505359145	1
1678486687.543745	0.14851895138626592	1
1678486746.967644	0.14855093604837588	1
1678486806.378556	0.14881108615366045	1
1678486865.786326	0.1486580413698544	1
1678486925.19753	0.14910372411178852	1
1678486984.608355	0.14874821122246296	1
1678487044.019313	0.14885177366793645	1
1678487103.432204	0.1491071060252489	1
1678487162.846136	0.14879134691148455	1
1678487222.260103	0.14874362932037322	1
1678487281.674203	0.14883042733193985	1
1678487341.083085	0.14880845992512004	1
1678487400.496846	0.14880339744603877	1
1678487459.910405	0.14866116028125553	1
1678487519.332307	0.14898424147349942	1
1678487578.743294	0.14885514002631162	1
1678487638.15032	0.14897607738577	1
1678487697.562887	0.14898448846272316	1
1678487756.977891	0.14894591374728705	1
1678487816.388725	0.14906095679242792	1
1678487875.799154	0.14902383149728138	1
1678487935.209888	0.14881857488198325	1
1678487994.619539	0.14912129979861088	1
1678488054.028255	0.1488873419859681	1
1678488113.439107	0.14893356315056216	1
1678488172.852303	0.14924927938007748	1
1678488232.262746	0.14900341563289476	1
1678488291.672146	0.1492678274848922	1
1678488351.083371	0.14891685852420977	1
1678488410.501714	0.14919651803213263	1
1678488469.911559	0.14908367860204486	1
1678488529.331527	0.1490951494208197	1
1678488588.752462	0.14923316604842274	1
1678488648.16216	0.14910393244613385	1
1678488707.576644	0.14925330454170016	1
1678488766.986789	0.14913647308007238	1
1678488826.397504	0.14924647128575685	1
1678488885.808039	0.14917791748170828	1
1678488945.218681	0.14948964390401898	1
1678489004.629841	0.14943188961104426	1
1678489064.04405	0.1493024265444891	1
1678489123.456779	0.1490996628828034	1
1678489182.866557	0.14902296503863788	1
1678489242.276786	0.14947571321738273	1
1678489301.692352	0.1491731572762367	1
1678489361.103894	0.14947231184496435	1
1678489420.519243	0.1491549631650262	1
1678489479.930568	0.14945122509733721	1
1678489539.338271	0.14954327357485653	1
1678489599.974878	0.1497911184088565	1
1678489659.383155	0.14958507295495505	1
1678489718.798035	0.1493572912422163	1
1678489778.2126	0.149523514310272	1
1678489837.622988	0.14945560186860884	1
1678489897.038939	0.14973005682109441	1
1678489956.455682	0.14954986335034448	1
1678490015.864886	0.14969969391918347	1
1678490075.299248	0.14959233172571373	1
1678490134.722086	0.14945964565169056	1
1678490194.138149	0.14943819998774543	1
1678490253.547366	0.14941546103807912	1
1678490312.95997	0.14948270904918726	1
1678490372.368194	0.14976378956541225	1
1678490431.775802	0.14942718468330263	1
1678490491.186642	0.14963253185499692	1
1678490550.594826	0.14955279670774502	1
1678490610.010345	0.14969917970383317	1
1678490669.419586	0.14953780072516842	1
1678490728.831142	0.14957994453505385	1
1678490788.241916	0.14990101581550785	1
1678490847.650541	0.1495379888892412	1
1678490907.062603	0.14964970055997906	1
1678490966.481684	0.14968306327970282	1
1678491025.891073	0.14992633159800306	1
1678491085.30266	0.1497818818172023	1
1678491144.715931	0.14987609160432402	1
1678491204.126797	0.14960839715818608	1
1678491263.536727	0.15000853008669246	1
1678491322.946292	0.14980176911542475	1
1678491382.371062	0.14975649543595182	1
1678491441.785213	0.14965862107060435	1
1678491501.194239	0.14973597767230462	1
1678491560.603136	0.14991261402303113	1
1678491620.014996	0.14969592841512647	1
1678491679.423232	0.14971904711267836	1
1678491738.838367	0.14969126778046693	1
1678491798.249463	0.14996929635601042	1
1678491857.658933	0.15002908590067765	1
1678491917.085088	0.15001721927029266	1
1678491976.514194	0.14993531580935127	1
1678492035.923619	0.15010380606109308	1
1678492095.333964	0.14995106035647776	1
1678492154.743699	0.1497222119806585	1
1678492214.153	0.14984918643330936	1
1678492273.565958	0.1500474965186296	1
1678492332.983064	0.14992746464994156	1
1678492392.402591	0.15013808177911425	1
1678492451.814289	0.1501516739532338	1
1678492511.227295	0.15008624159203166	1
1678492570.641817	0.15030592511589447	1
1678492630.052012	0.15011680102815816	1
1678492689.463293	0.1500251230238474	1
1678492748.87209	0.14963512590847028	1
