#Date	Run #	Online Area	Online CC	Online Pol	Offline CC	Offline Pol
06/13/22	16062	-0.0627540	-9.126	57.27	-6.887	43.22
06/13/22	16064	-0.0834576	-9.126	76.16	-6.887	57.48
06/13/22	16066	-0.0834576	-9.126	76.16	-6.887	57.48
06/14/22	16067	-0.0834576	-9.126	76.16	-6.887	57.48
06/14/22	16068	-0.0834576	-9.126	76.16	-6.887	57.48
06/14/22	16069	-0.0834576	-9.126	76.16	-6.887	57.48
06/14/22	16071	-0.0834576	-9.126	76.16	-6.887	57.48
06/14/22	16074	-0.0935077	-9.126	85.34	-6.887	64.40
06/14/22	16075	-0.0935077	-9.126	85.34	-6.887	64.40
06/15/22	16076	-0.0935077	-9.126	85.34	-6.887	64.40
06/15/22	16077	-0.0935077	-9.126	85.34	-6.887	64.40
06/15/22	16078	-0.0935077	-9.126	85.34	-6.887	64.40
06/20/22	16137	-0.1083990	-5.24673	56.87	-5.204	56.42
06/20/22	16138	-0.1184000	-5.24673	62.12	-5.204	61.62
06/20/22	16144	-0.1184000	-5.24673	62.12	-5.204	61.62
06/20/22	16145	-0.1184000	-5.24673	62.12	-5.204	61.62
06/21/22	16146	-0.1083990	-5.24673	56.87	-5.204	56.42
06/21/22	16147	-0.1184000	-5.24673	62.12	-5.204	61.62
06/21/22	16148	-0.1184000	-5.24673	62.12	-5.204	61.62
06/21/22	16152	-0.1184000	-5.24673	62.12	-5.204	61.62
06/22/22	16156	0.1071650	-5.24673	-56.23	-5.204	-55.77
06/22/22	16157	0.1071650	-5.24673	-56.23	-5.204	-55.77
06/22/22	16158	0.1071650	-5.24673	-56.23	-5.204	-55.77
06/22/22	16164	0.1071650	-5.24673	-56.23	-5.204	-55.77
06/22/22	16166	0.1071650	-5.24673	-56.23	-5.204	-55.77
06/22/22	16167	0.1071650	-5.24673	-56.23	-5.204	-55.77
06/22/22	16168	0.1071650	-5.24673	-56.23	-5.204	-55.77
06/22/22	16169	0.1071650	-5.24673	-56.23	-5.204	-55.77
06/22/22	16170	0.1071650	-5.24673	-56.23	-5.204	-55.77
06/23/22	16174	0.1071650	-5.24673	-56.23	-5.204	-55.77
06/23/22	16178	0.1071650	-5.24673	-56.23	-5.204	-55.77
07/01/22	16211	-0.1804940	-3.6665	66.18	-3.433	61.97
07/02/22	16213	-0.1804940	-3.6665	66.18	-3.433	61.97
07/02/22	16214	-0.1904940	-3.6665	69.84	-3.433	65.40
07/02/22	16220	-0.1904940	-3.6665	69.84	-3.433	65.40
07/02/22	16221	-0.1904940	-3.6665	69.84	-3.433	65.40
07/02/22	16222	-0.1904940	-3.6665	69.84	-3.433	65.40
07/02/22	16223	-0.1904940	-3.6665	69.84	-3.433	65.40
07/03/22	16224	-0.1904940	-3.6665	69.84	-3.433	65.40
07/03/22	16225	-0.1904940	-3.6665	69.84	-3.433	65.40
07/03/22	16226	-0.1904940	-3.6665	69.84	-3.433	65.40
07/03/22	16228	-0.1904940	-3.6665	69.84	-3.433	65.40
07/03/22	16231	0.1261930	-3.6665	-46.27	-3.433	-43.32
07/03/22	16232	0.1462600	-3.6665	-53.63	-3.433	-50.21
07/03/22	16233	0.1563470	-3.6665	-57.32	-3.433	-53.68
07/04/22	16234	0.1563470	-3.6665	-57.32	-3.433	-53.68
07/04/22	16235	0.1563470	-3.6665	-57.32	-3.433	-53.68
07/04/22	16236	0.1563470	-3.6665	-57.32	-3.433	-53.68
07/04/22	16238	0.1563470	-3.6665	-57.32	-3.433	-53.68
07/04/22	16241	0.1563470	-3.6665	-57.32	-3.433	-53.68
07/04/22	16242	0.1563470	-3.6665	-57.32	-3.433	-53.68
07/04/22	16243	0.1563470	-3.6665	-57.32	-3.433	-53.68
07/04/22	16244	0.1563470	-3.6665	-57.32	-3.433	-53.68
07/04/22	16245	0.1665110	-3.6665	-61.05	-3.433	-57.17
07/04/22	16246	0.1665110	-3.6665	-61.05	-3.433	-57.17
07/05/22	16248	0.1665110	-3.6665	-61.05	-3.433	-57.17
07/05/22	16249	0.1665110	-3.6665	-61.05	-3.433	-57.17
07/05/22	16250	0.1665110	-3.6665	-61.05	-3.433	-57.17
07/05/22	16251	0.1665110	-3.6665	-61.05	-3.433	-57.17
07/05/22	16252	0.1665110	-3.6665	-61.05	-3.433	-57.17
07/05/22	16253	0.1665110	-3.6665	-61.05	-3.433	-57.17
07/05/22	16254	0.1665110	-3.6665	-61.05	-3.433	-57.17
07/05/22	16256	0.1665110	-3.6665	-61.05	-3.433	-57.17
07/05/22	16257	0.1665110	-3.6665	-61.05	-3.433	-57.17
07/06/22	16259	0.1665110	-3.6665	-61.05	-3.433	-57.17
07/06/22	16260	0.1665110	-3.6665	-61.05	-3.433	-57.17
07/14/22	16317	-0.1600630	-3.7019	59.25	-3.433	54.95
07/15/22	16318	-0.1600630	-3.7019	59.25	-3.433	54.95
07/15/22	16320	-0.1600630	-3.7019	59.25	-3.433	54.95
07/15/22	16321	-0.1600630	-3.7019	59.25	-3.433	54.95
07/15/22	16322	-0.1600630	-3.7019	59.25	-3.433	54.95
07/15/22	16323	-0.1600630	-3.7019	59.25	-3.433	54.95
07/15/22	16325	-0.1600630	-3.7019	59.25	-3.433	54.95
07/15/22	16326	-0.1600630	-3.7019	59.25	-3.433	54.95
07/15/22	16327	-0.1600630	-3.7019	59.25	-3.433	54.95
07/16/22	16328	-0.1600630	-3.7019	59.25	-3.433	54.95
07/16/22	16329	-0.1600630	-3.7019	59.25	-3.433	54.95
07/16/22	16330	-0.1600630	-3.7019	59.25	-3.433	54.95
07/16/22	16331	-0.1600630	-3.7019	59.25	-3.433	54.95
07/16/22	16332	-0.1600630	-3.7019	59.25	-3.433	54.95
07/16/22	16333	-0.1600630	-3.7019	59.25	-3.433	54.95
07/16/22	16334	0.1298820	-3.7019	-48.08	-3.433	-44.59
07/16/22	16335	0.1298820	-3.7019	-48.08	-3.433	-44.59
07/17/22	16336	0.1400110	-3.7019	-51.83	-3.433	-48.07
07/17/22	16337	0.1400110	-3.7019	-51.83	-3.433	-48.07
07/17/22	16338	0.1400110	-3.7019	-51.83	-3.433	-48.07
07/17/22	16339	0.1400110	-3.7019	-51.83	-3.433	-48.07
07/17/22	16341	0.1400110	-3.7019	-51.83	-3.433	-48.07
07/17/22	16343	0.1400110	-3.7019	-51.83	-3.433	-48.07
07/17/22	16345	0.1400110	-3.7019	-51.83	-3.433	-48.07
07/17/22	16346	0.1400110	-3.7019	-51.83	-3.433	-48.07
07/18/22	16348	0.1400110	-3.7019	-51.83	-3.433	-48.07
07/18/22	16350	0.1400110	-3.7019	-51.83	-3.433	-48.07
07/18/22	16352	0.1400110	-3.7019	-51.83	-3.433	-48.07
07/18/22	16353	0.1400110	-3.7019	-51.83	-3.433	-48.07
07/18/22	16354	0.1400110	-3.7019	-51.83	-3.433	-48.07
07/18/22	16355	0.1400110	-3.7019	-51.83	-3.433	-48.07
07/19/22	16356	0.1400110	-3.7019	-51.83	-3.433	-48.07
07/19/22	16357	0.1400110	-3.7019	-51.83	-3.433	-48.07
08/12/22	16650	-0.0597666	-3.73827	22.34	-3.854	23.03
08/12/22	16655	-0.0800860	-3.73827	29.94	-3.854	30.87
08/12/22	16658	-0.0800860	-3.73827	29.94	-3.854	30.87
08/12/22	16659	-0.0905034	-3.73827	33.83	-3.854	34.88
08/12/22	16660	-0.1005890	-3.73827	37.60	-3.854	38.77
08/12/22	16664	-0.1106300	-3.73827	41.36	-3.854	42.64
08/12/22	16665	-0.1206670	-3.73827	45.11	-3.854	46.51
08/13/22	16666	-0.1307220	-3.73827	48.87	-3.854	50.38
08/13/22	16668	-0.1307220	-3.73827	48.87	-3.854	50.38
08/13/22	16669	-0.1307220	-3.73827	48.87	-3.854	50.38
08/13/22	16671	-0.1307220	-3.73827	48.87	-3.854	50.38
08/13/22	16672	-0.1307220	-3.73827	48.87	-3.854	50.38
08/13/22	16673	-0.1307220	-3.73827	48.87	-3.854	50.38
08/13/22	16674	-0.1307220	-3.73827	48.87	-3.854	50.38
08/13/22	16675	-0.1405660	-3.73827	52.55	-3.854	54.18
08/13/22	16676	-0.1510050	-3.73827	56.45	-3.854	58.20
08/14/22	16678	-0.1510050	-3.73827	56.45	-3.854	58.20
08/14/22	16679	-0.1510050	-3.73827	56.45	-3.854	58.20
08/14/22	16681	-0.1510050	-3.73827	56.45	-3.854	58.20
08/14/22	16682	-0.1510050	-3.73827	56.45	-3.854	58.20
08/14/22	16683	-0.1510050	-3.73827	56.45	-3.854	58.20
08/14/22	16685	-0.1510050	-3.73827	56.45	-3.854	58.20
08/14/22	16687	-0.1510050	-3.73827	56.45	-3.854	58.20
08/14/22	16689	-0.1510050	-3.73827	56.45	-3.854	58.20
08/15/22	16689	-0.1510050	-3.73827	56.45	-3.854	58.20
08/15/22	16690	-0.1510050	-3.73827	56.45	-3.854	58.20
08/15/22	16692	-0.1510050	-3.73827	56.45	-3.854	58.20
08/15/22	16693	-0.1510050	-3.73827	56.45	-3.854	58.20
08/15/22	16695	-0.1510050	-3.73827	56.45	-3.854	58.20
08/17/22	16706	-0.1527590	-3.673	56.11	-3.697	56.48
08/17/22	16708	-0.1527590	-3.673	56.11	-3.697	56.48
08/17/22	16709	-0.1527590	-3.673	56.11	-3.697	56.48
08/17/22	16710	-0.1527590	-3.673	56.11	-3.697	56.48
08/18/22	16711	-0.1527590	-3.673	56.11	-3.697	56.48
08/18/22	16712	-0.1527590	-3.673	56.11	-3.697	56.48
08/18/22	16713	-0.1527590	-3.673	56.11	-3.697	56.48
08/18/22	16715	-0.1527590	-3.673	56.11	-3.697	56.48
08/18/22	16716	-0.1527590	-3.673	56.11	-3.697	56.48
08/18/22	16717	-0.1553880	-3.673	57.07	-3.697	57.45
08/19/22	16718	-0.1553880	-3.673	57.07	-3.697	57.45
08/19/22	16719	-0.1553880	-3.673	57.07	-3.697	57.45
08/19/22	16720	-0.1553880	-3.673	57.07	-3.697	57.45
08/19/22	16721	0.0528483	-3.673	-19.41	-3.697	-19.54
08/19/22	16722	0.0870779	-3.673	-31.98	-3.697	-32.19
08/19/22	16723	0.1282760	-3.673	-47.12	-3.697	-47.42
08/19/22	16726	0.1282760	-3.673	-47.12	-3.697	-47.42
08/19/22	16727	0.1382860	-3.673	-50.79	-3.697	-51.12
08/19/22	16728	0.1382860	-3.673	-50.79	-3.697	-51.12
08/20/22	16729	0.1382860	-3.673	-50.79	-3.697	-51.12
08/20/22	16730	0.1382860	-3.673	-50.79	-3.697	-51.12
08/20/22	16731	0.1382860	-3.673	-50.79	-3.697	-51.12
08/20/22	16732	0.1382860	-3.673	-50.79	-3.697	-51.12
08/20/22	16733	0.1382860	-3.673	-50.79	-3.697	-51.12
08/20/22	16734	0.1382860	-3.673	-50.79	-3.697	-51.12
08/20/22	16736	0.1382860	-3.673	-50.79	-3.697	-51.12
08/20/22	16738	0.1382860	-3.673	-50.79	-3.697	-51.12
08/20/22	16742	0.1151340	-3.673	-42.29	-3.697	-42.57
08/21/22	16743	0.1253380	-3.673	-46.04	-3.697	-46.34
08/21/22	16744	0.1355320	-3.673	-49.78	-3.697	-50.11
08/21/22	16746	0.1355320	-3.673	-49.78	-3.697	-50.11
08/21/22	16747	0.1355320	-3.673	-49.78	-3.697	-50.11
08/21/22	16748	0.1355320	-3.673	-49.78	-3.697	-50.11
08/21/22	16749	0.1355320	-3.673	-49.78	-3.697	-50.11
08/21/22	16750	0.1355320	-3.673	-49.78	-3.697	-50.11
08/22/22	16751	0.1355320	-3.673	-49.78	-3.697	-50.11
08/22/22	16752	0.1355320	-3.673	-49.78	-3.697	-50.11
08/22/22	16753	0.1386900	-3.673	-50.94	-3.697	-51.27
08/22/22	16754	0.1386900	-3.673	-50.94	-3.697	-51.27
08/22/22	16755	0.1386900	-3.673	-50.94	-3.697	-51.27
08/23/22	16756	0.1386900	-3.673	-50.94	-3.697	-51.27
08/23/22	16757	0.1386900	-3.673	-50.94	-3.697	-51.27
08/23/22	16758	0.1386900	-3.673	-50.94	-3.697	-51.27
08/23/22	16759	0.1368340	-3.673	-50.26	-3.697	-50.59
08/23/22	16761	0.1368340	-3.673	-50.26	-3.697	-50.59
08/23/22	16762	0.1368340	-3.673	-50.26	-3.697	-50.59
08/24/22	16763	0.1368340	-3.673	-50.26	-3.697	-50.59
08/24/22	16765	0.1368340	-3.673	-50.26	-3.697	-50.59
08/24/22	16766	0.1368340	-3.673	-50.26	-3.697	-50.59
08/24/22	16767	-0.1623920	-3.673	59.65	-3.697	60.04
08/25/22	16768	-0.1623920	-3.673	59.65	-3.697	60.04
08/25/22	16769	-0.1623920	-3.673	59.65	-3.697	60.04
08/25/22	16770	-0.1623920	-3.673	59.65	-3.697	60.04
08/25/22	16771	-0.1623920	-3.673	59.65	-3.697	60.04
08/25/22	16772	-0.1623920	-3.673	59.65	-3.697	60.04
08/25/22	16773	-0.1623920	-3.673	59.65	-3.697	60.04
09/14/22	16982	-0.4221530	-1.6261	68.65	-1.630	68.81
09/15/22	16983	-0.4321800	-1.6261	70.28	-1.630	70.45
09/15/22	16984	-0.4321800	-1.6261	70.28	-1.630	70.45
09/15/22	16986	-0.4321800	-1.6261	70.28	-1.630	70.45
09/15/22	16987	-0.4321800	-1.6261	70.28	-1.630	70.45
09/15/22	16988	-0.4220310	-1.6261	68.63	-1.630	68.79
09/15/22	16989	-0.4220310	-1.6261	68.63	-1.630	68.79
09/15/22	16990	-0.4114950	-1.6261	66.91	-1.630	67.07
09/16/22	16991	-0.4114950	-1.6261	66.91	-1.630	67.07
09/16/22	16992	-0.4114950	-1.6261	66.91	-1.630	67.07
09/16/22	16993	-0.4649160	-1.6261	75.60	-1.630	75.78
09/16/22	16995	-0.4649160	-1.6261	75.60	-1.630	75.78
09/16/22	16996	0.4386550	-1.6261	-71.33	-1.630	-71.50
09/17/22	17000	0.4491510	-1.6261	-73.04	-1.630	-73.21
09/17/22	17001	0.4391390	-1.6261	-71.41	-1.630	-71.58
09/17/22	17002	0.4189060	-1.6261	-68.12	-1.630	-68.28
09/17/22	17003	0.4192400	-1.6261	-68.17	-1.630	-68.34
09/17/22	17008	0.4192220	-1.6261	-68.17	-1.630	-68.33
09/18/22	17010	0.4192220	-1.6261	-68.17	-1.630	-68.33
09/18/22	17011	0.4091510	-1.6261	-66.53	-1.630	-66.69
09/18/22	17013	0.4091510	-1.6261	-66.53	-1.630	-66.69
09/18/22	17014	0.4091510	-1.6261	-66.53	-1.630	-66.69
09/18/22	17015	0.3990460	-1.6261	-64.89	-1.630	-65.04
09/18/22	17016	0.3990460	-1.6261	-64.89	-1.630	-65.04
09/18/22	17019	0.3890380	-1.6261	-63.26	-1.630	-63.41
09/19/22	17020	0.3994840	-1.6261	-64.96	-1.630	-65.12
09/19/22	17021	0.3994840	-1.6261	-64.96	-1.630	-65.12
09/19/22	17022	0.3994840	-1.6261	-64.96	-1.630	-65.12
09/19/22	17025	0.3994840	-1.6261	-64.96	-1.630	-65.12
09/19/22	17026	0.3994840	-1.6261	-64.96	-1.630	-65.12
09/20/22	17027	0.3994840	-1.6261	-64.96	-1.630	-65.12
09/20/22	17028	0.3994840	-1.6261	-64.96	-1.630	-65.12
09/20/22	17032	0.3994840	-1.6261	-64.96	-1.630	-65.12
09/25/22	17067	-0.4865030	-1.6261	79.11	-1.630	79.30
09/25/22	17069	-0.4865030	-1.6261	79.11	-1.630	79.30
09/25/22	17070	-0.4865030	-1.6261	79.11	-1.630	79.30
09/25/22	17071	-0.4865030	-1.6261	79.11	-1.630	79.30
09/25/22	17072	-0.4764290	-1.6261	77.47	-1.630	77.66
09/25/22	17073	-0.4764290	-1.6261	77.47	-1.630	77.66
09/25/22	17074	-0.4764290	-1.6261	77.47	-1.630	77.66
09/25/22	17075	-0.4648150	-1.6261	75.58	-1.630	75.76
09/25/22	17076	-0.4648150	-1.6261	75.58	-1.630	75.76
09/26/22	17077	-0.4648150	-1.6261	75.58	-1.630	75.76
09/26/22	17078	-0.4547600	-1.6261	73.95	-1.630	74.13
09/27/22	17079	-0.4547600	-1.6261	73.95	-1.630	74.13
09/27/22	17080	-0.4547600	-1.6261	73.95	-1.630	74.13
09/27/22	17083	-0.4547600	-1.6261	73.95	-1.630	74.13
09/27/22	17084	-0.4547600	-1.6261	73.95	-1.630	74.13
09/27/22	17085	-0.4547600	-1.6261	73.95	-1.630	74.13
09/27/22	17086	-0.4547600	-1.6261	73.95	-1.630	74.13
09/27/22	17087	-0.4547600	-1.6261	73.95	-1.630	74.13
09/27/22	17088	-0.4547600	-1.6261	73.95	-1.630	74.13
09/28/22	17092	-0.4446520	-1.6261	72.30	-1.630	72.48
09/28/22	17093	-0.4446520	-1.6261	72.30	-1.630	72.48
09/28/22	17095	0.4003240	-1.6261	-65.10	-1.630	-65.25
09/28/22	17096	0.4105800	-1.6261	-66.76	-1.630	-66.92
09/28/22	17097	0.4105800	-1.6261	-66.76	-1.630	-66.92
09/28/22	17098	0.4105800	-1.6261	-66.76	-1.630	-66.92
09/28/22	17099	0.4105800	-1.6261	-66.76	-1.630	-66.92
09/29/22	17100	0.4105800	-1.6261	-66.76	-1.630	-66.92
09/29/22	17101	0.4105800	-1.6261	-66.76	-1.630	-66.92
09/29/22	17102	0.4105800	-1.6261	-66.76	-1.630	-66.92
10/09/22	17144	-0.4964820	-1.59478	79.18	-1.576	78.25
10/09/22	17145	-0.4964820	-1.59478	79.18	-1.576	78.25
10/09/22	17146	-0.4760990	-1.59478	75.93	-1.576	75.03
10/09/22	17147	-0.4655830	-1.59478	74.25	-1.576	73.38
10/09/22	17149	-0.4655830	-1.59478	74.25	-1.576	73.38
10/10/22	17150	-0.4551810	-1.59478	72.59	-1.576	71.74
10/10/22	17151	-0.4551810	-1.59478	72.59	-1.576	71.74
10/10/22	17153	-0.4448570	-1.59478	70.94	-1.576	70.11
10/10/22	17155	-0.4348340	-1.59478	69.35	-1.576	68.53
10/10/22	17156	-0.4348340	-1.59478	69.35	-1.576	68.53
10/10/22	17157	-0.4244010	-1.59478	67.68	-1.576	66.89
10/11/22	17158	-0.4244010	-1.59478	67.68	-1.576	66.89
10/11/22	17159	-0.4244010	-1.59478	67.68	-1.576	66.89
10/11/22	17160	-0.4244010	-1.59478	67.68	-1.576	66.89
10/11/22	17161	-0.4244010	-1.59478	67.68	-1.576	66.89
10/11/22	17162	0.4058190	-1.59478	-64.72	-1.576	-63.96
10/11/22	17163	0.4515870	-1.59478	-72.02	-1.576	-71.17
10/11/22	17164	0.4515870	-1.59478	-72.02	-1.576	-71.17
10/11/22	17165	0.4414670	-1.59478	-70.40	-1.576	-69.58
10/11/22	17166	0.4314060	-1.59478	-68.80	-1.576	-67.99
10/11/22	17167	0.4213130	-1.59478	-67.19	-1.576	-66.40
10/12/22	17168	0.4110940	-1.59478	-65.56	-1.576	-64.79
10/12/22	17169	0.4010050	-1.59478	-63.95	-1.576	-63.20
10/14/22	17185	-0.3859010	-1.59478	61.54	-1.576	60.82
10/15/22	17187	-0.3859010	-1.59478	61.54	-1.576	60.82
10/15/22	17188	-0.3859010	-1.59478	61.54	-1.576	60.82
10/15/22	17189	-0.3960430	-1.59478	63.16	-1.576	62.42
10/15/22	17190	-0.3960430	-1.59478	63.16	-1.576	62.42
10/15/22	17191	-0.3960430	-1.59478	63.16	-1.576	62.42
10/15/22	17192	-0.3960430	-1.59478	63.16	-1.576	62.42
10/15/22	17195	-0.3960430	-1.59478	63.16	-1.576	62.42
10/15/22	17197	-0.3960430	-1.59478	63.16	-1.576	62.42
10/15/22	17199	-0.3960430	-1.59478	63.16	-1.576	62.42
10/15/22	17201	-0.4061080	-1.59478	64.77	-1.576	64.00
10/16/22	17202	-0.4061080	-1.59478	64.77	-1.576	64.00
10/16/22	17203	-0.4061080	-1.59478	64.77	-1.576	64.00
10/16/22	17204	-0.4061080	-1.59478	64.77	-1.576	64.00
10/16/22	17206	-0.4061080	-1.59478	64.77	-1.576	64.00
10/16/22	17207	-0.4061080	-1.59478	64.77	-1.576	64.00
10/16/22	17211	-0.4061080	-1.59478	64.77	-1.576	64.00
10/16/22	17212	-0.4061080	-1.59478	64.77	-1.576	64.00
10/17/22	17213	-0.4061080	-1.59478	64.77	-1.576	64.00
10/17/22	17214	-0.4061080	-1.59478	64.77	-1.576	64.00
10/17/22	17215	0.4613480	-1.59478	-73.57	-1.576	-72.71
10/17/22	17216	0.4510230	-1.59478	-71.93	-1.576	-71.08
10/17/22	17221	0.4407890	-1.59478	-70.30	-1.576	-69.47
10/17/22	17222	0.4143030	-1.59478	-66.07	-1.576	-65.29
10/17/22	17223	0.4260500	-1.59478	-67.95	-1.576	-67.15
10/18/22	17224	0.4260500	-1.59478	-67.95	-1.576	-67.15
10/18/22	17225	0.4159870	-1.59478	-66.34	-1.576	-65.56
11/03/22	17351	0.3882160	-1.75543	-68.15	-1.809	-70.23
11/03/22	17353	0.3882160	-1.75543	-68.15	-1.809	-70.23
11/03/22	17355	0.3638770	-1.75543	-63.88	-1.809	-65.83
11/03/22	17356	0.3739350	-1.75543	-65.64	-1.809	-67.64
11/03/22	17357	0.3739350	-1.75543	-65.64	-1.809	-67.64
11/04/22	17358	0.3739350	-1.75543	-65.64	-1.809	-67.64
11/04/22	17359	0.3739350	-1.75543	-65.64	-1.809	-67.64
11/04/22	17360	0.3739350	-1.75543	-65.64	-1.809	-67.64
11/04/22	17361	0.3262300	-1.75543	-57.27	-1.809	-59.02
11/04/22	17362	0.3684950	-1.75543	-64.69	-1.809	-66.66
11/05/22	17363	0.3432130	-1.75543	-60.25	-1.809	-62.09
11/05/22	17364	0.3440540	-1.75543	-60.40	-1.809	-62.24
11/05/22	17366	0.3591310	-1.75543	-63.04	-1.809	-64.97
11/05/22	17368	0.3129420	-1.75543	-54.93	-1.809	-56.61
11/06/22	17371	-0.4599050	-1.75543	80.73	-1.809	83.20
11/06/22	17373	-0.4599050	-1.75543	80.73	-1.809	83.20
11/06/22	17374	-0.4495040	-1.75543	78.91	-1.809	81.32
11/07/22	17375	-0.4394460	-1.75543	77.14	-1.809	79.50
11/07/22	17376	-0.4394460	-1.75543	77.14	-1.809	79.50
11/07/22	17379	-0.4394460	-1.75543	77.14	-1.809	79.50
11/07/22	17381	-0.4294160	-1.75543	75.38	-1.809	77.68
11/07/22	17382	-0.4294160	-1.75543	75.38	-1.809	77.68
11/07/22	17383	-0.4294160	-1.75543	75.38	-1.809	77.68
02/15/23	17574	-0.1201870	-2.54578	30.60	-2.457	29.53
02/15/23	17575	-0.1201870	-2.54578	30.60	-2.457	29.53
02/15/23	17576	-0.1201870	-2.54578	30.60	-2.457	29.53
02/15/23	17577	-0.1407210	-2.54578	35.82	-2.457	34.58
02/15/23	17581	-0.1407210	-2.54578	35.82	-2.457	34.58
02/15/23	17583	-0.1407210	-2.54578	35.82	-2.457	34.58
02/15/23	17584	-0.1407210	-2.54578	35.82	-2.457	34.58
02/15/23	17585	-0.1407210	-2.54578	35.82	-2.457	34.58
02/15/23	17586	-0.1407210	-2.54578	35.82	-2.457	34.58
02/16/23	17587	-0.1407210	-2.54578	35.82	-2.457	34.58
02/16/23	17588	-0.1407210	-2.54578	35.82	-2.457	34.58
02/16/23	17589	-0.1407210	-2.54578	35.82	-2.457	34.58
02/16/23	17592	-0.1407210	-2.54578	35.82	-2.457	34.58
02/16/23	17593	-0.1407210	-2.54578	35.82	-2.457	34.58
02/16/23	17594	-0.1407210	-2.54578	35.82	-2.457	34.58
02/17/23	17595	-0.1407210	-2.54578	35.82	-2.457	34.58
02/17/23	17596	-0.1407210	-2.54578	35.82	-2.457	34.58
02/17/23	17597	-0.1407210	-2.54578	35.82	-2.457	34.58
02/17/23	17598	0.0798801	-2.54578	-20.34	-2.457	-19.63
02/17/23	17599	0.1102770	-4.8779	-53.79	-4.270	-47.09
02/17/23	17600	0.1102770	-4.8779	-53.79	-4.270	-47.09
02/18/23	17601	0.1203690	-4.8779	-58.71	-4.270	-51.40
02/18/23	17602	0.1203690	-4.8779	-58.71	-4.270	-51.40
02/18/23	17603	0.1203690	-4.8779	-58.71	-4.270	-51.40
02/18/23	17604	0.1203690	-4.8779	-58.71	-4.270	-51.40
02/18/23	17605	0.1203690	-4.8779	-58.71	-4.270	-51.40
02/18/23	17606	0.1203690	-4.8779	-58.71	-4.270	-51.40
02/19/23	17607	0.1203690	-4.8779	-58.71	-4.270	-51.40
02/19/23	17609	0.1203690	-4.8779	-58.71	-4.270	-51.40
02/19/23	17610	0.1203690	-4.8779	-58.71	-4.270	-51.40
02/19/23	17611	0.1203690	-4.8779	-58.71	-4.270	-51.40
02/19/23	17617	0.1203690	-4.8779	-58.71	-4.270	-51.40
02/19/23	17621	0.0001119	-4.8779	-0.05	-4.270	-0.05
03/07/23	17720	-0.1280050	-3.17387	40.63	-3.169	40.56
03/07/23	17721	-0.1280050	-3.17387	40.63	-3.169	40.56
03/07/23	17724	-0.1380970	-3.17387	43.83	-3.169	43.76
03/07/23	17725	-0.1481400	-3.17387	47.02	-3.169	46.95
03/07/23	17726	-0.1481400	-3.17387	47.02	-3.169	46.95
03/08/23	17727	-0.1481400	-3.17387	47.02	-3.169	46.95
03/08/23	17728	-0.1481400	-3.17387	47.02	-3.169	46.95
03/08/23	17729	-0.1481400	-3.17387	47.02	-3.169	46.95
03/08/23	17730	-0.1481400	-3.17387	47.02	-3.169	46.95
03/08/23	17732	-0.1481400	-3.17387	47.02	-3.169	46.95
03/08/23	17733	-0.1481400	-3.17387	47.02	-3.169	46.95
03/08/23	17734	-0.1481400	-3.17387	47.02	-3.169	46.95
03/08/23	17735	-0.1481400	-3.17387	47.02	-3.169	46.95
03/08/23	17737	-0.1481400	-3.17387	47.02	-3.169	46.95
03/09/23	17738	-0.1481400	-3.17387	47.02	-3.169	46.95
03/09/23	17740	-0.1481400	-3.17387	47.02	-3.169	46.95
03/09/23	17741	-0.1481400	-3.17387	47.02	-3.169	46.95
03/10/23	17748	0.1265900	-4.5	-56.97	-3.169	-40.12
03/10/23	17750	0.1470780	-4.5	-66.19	-3.169	-46.61
03/11/23	17751	0.1470780	-4.5	-66.19	-3.169	-46.61
03/11/23	17752	0.1470780	-4.5	-66.19	-3.169	-46.61
03/11/23	17753	0.1368970	-4.5	-61.60	-3.169	-43.38
03/11/23	17754	0.1368970	-4.5	-61.60	-3.169	-43.38
03/11/23	17755	0.1368970	-4.5	-61.60	-3.169	-43.38
03/11/23	17756	0.1368970	-4.5	-61.60	-3.169	-43.38
03/11/23	17757	0.1368970	-4.5	-61.60	-3.169	-43.38
03/12/23	17758	0.1368970	-4.5	-61.60	-3.169	-43.38
03/12/23	17759	0.1368970	-4.5	-61.60	-3.169	-43.38
03/12/23	17760	0.1368970	-4.5	-61.60	-3.169	-43.38
03/12/23	17762	0.1368970	-4.5	-61.60	-3.169	-43.38
03/13/23	17769	-0.1486250	-4.5	66.88	-3.169	47.10
03/13/23	17770	-0.1382000	-4.5	62.19	-3.169	43.80
03/14/23	17771	-0.1382000	-4.5	62.19	-3.169	43.80
03/14/23	17772	-0.1382000	-4.5	62.19	-3.169	43.80
03/14/23	17773	-0.1382000	-4.5	62.19	-3.169	43.80
03/14/23	17774	0.1212610	-4.5	-54.57	-3.169	-38.43
03/14/23	17775	0.1313730	-4.5	-59.12	-3.169	-41.63
03/14/23	17776	0.1313730	-4.5	-59.12	-3.169	-41.63
03/15/23	17777	0.1313730	-4.5	-59.12	-3.169	-41.63
03/15/23	17778	0.1313730	-4.5	-59.12	-3.169	-41.63