1334007990
1334008043
1334008096
1334008149
1334008202
1334008256
1334008309
1334008362
1334008415
1334008468
1334008521
1334008574
1334008627
1334008680
1334008733
1334008786
1334008839
1334008892
1334008945
1334008998
1334009051
1334009104
1334009157
1334009210
1334009263
1334009317
1334009370
1334009423
1334009476
1334009529
1334009582
1334009635
1334009688
1334009741
1334009794
1334009847
1334009900
1334009953
1334010006
1334010059
1334010112
1334010165
1334010218
1334010271
1334010324
1334010378
1334010431
1334010484
1334010537
1334010590
1334010643
1334010696
1334010749
1334010802
1334010855
1334010908
1334010961
1334011014
1334011067
1334011120
1334011173
1334011226
1334011279
1334011332
1334011386
1334011439
1334011492
1334011545
1334011598
1334011651
1334011704
1334011757
1334011810
1334011863
1334011916
1334011969
1334012022
1334012075
1334012128
1334012181
1334012234
1334012287
1334012340
1334012394
1334012447
1334012500
1334012553
1334012606
1334012659
1334012712
