1333490431
1333490484
1333490537
1333490590
1333490643
1333490696
1333490749
1333490802
1333490855
1333490908
1333490961
1333491014
1333491067
1333491120
1333491173
1333491226
1333491279
1333491333
1333491386
1333491439
1333491492
1333491545
1333491598
1333491651
1333491704
1333491757
1333491810
1333491863
1333491916
1333491969
1333492022
1333492075
1333492128
1333492181
1333492234
1333492288
1333492341
1333492394
1333492447
1333492500
1333492553
1333492606
1333492659
1333492712
1333492765
1333492818
1333492871
