1336643733
1336643786
1336643840
1336643893
1336643946
1336643999
1336644052
1336644105
1336644158
1336644212
1336644265
1336644318
1336644371
1336644425
1336644478
1336644531
1336644584
1336644637
1336644690
1336644743
1336644796
1336644850
1336644903
1336644956
1336645009
1336645062
1336645115
1336645168
1336645221
1336645274
1336645327
1336645380
1336645434
1336645487
1336645540
1336645593
1336645646
1336645699
1336645753
1336645806
1336645859
1336645912
1336645966
1336646019
1336646072
1336646125
1336646178
1336646232
1336646285
1336646338
1336646391
1336646444
1336646497
1336646551
1336646604
1336646657
1336646710
1336646763
1336646816
1336646870
1336646923
1336646976
1336647029
1336647082
1336647135
1336647189
1336647242
1336647295
1336647348
1336647402
1336647455
1336647508
1336647561
1336647614
1336647668
1336647721
1336647774
1336647827
1336647881
1336647934
1336647987
1336648040
1336648094
1336648147
1336648200
1336648253
1336648306
1336648360
1336648413
1336648466
1336648519
1336648572
1336648626
1336648679
1336648732
1336648785
1336648838
1336648892
1336648945
1336648998
1336649052
1336649105
1336649158
1336649211
1336649264
1336649318
1336649371
1336649424
1336649477
1336649530
1336649584
1336649637
1336649690
1336649743
1336649797
1336649850
1336649903
1336649956
1336650010
1336650063
1336650116
1336650169
1336650223
1336650276
1336650329
1336650382
1336650436
1336650489
1336650542
1336650595
1336650648
1336650702
1336650755
1336650808
1336650861
1336650914
1336650968
1336651021
1336651074
1336651127
1336651180
1336651234
1336651313
1336651392
1336651459
1336651525
1336651591
1336651657
1336651724
1336651790
1336651856
1336651922
1336651989
1336652055
1336652121
1336652188
1336652254
1336652320
