1336005000
1336005066
1336005132
1336005199
1336005265
1336005331
1336005397
1336005463
1336005529
1336005596
1336005662
1336005728
1336005794
1336005860
1336005927
1336005993
1336006059
1336006125
1336006191
1336006257
1336006324
1336006390
1336006456
1336006522
1336006588
1336006655
1336006721
1336006787
1336006853
1336006919
1336006986
1336007052
1336007118
1336007184
1336007250
1336007316
1336007383
1336007449
1336007515
1336007581
1336007647
1336007714
1336007780
1336007846
1336007912
1336007979
1336008045
1336008111
1336008177
1336008243
1336008310
1336008376
1336008442
1336008509
1336008575
1336008641
1336008707
1336008774
1336008840
1336008906
