1337124073
1337124113
1337124153
1337124193
1337124233
1337124272
1337124312
1337124352
1337124392
1337124432
1337124472
1337124512
1337124552
1337124592
1337124632
1337124672
1337124712
1337124752
1337124791
1337124831
1337124871
1337124911
1337124951
1337124991
1337125031
1337125071
1337125111
1337125151
1337125191
1337125231
1337125271
1337125310
1337125350
1337125390
1337125430
1337125470
1337125510
1337125550
1337125590
1337125630
1337125670
1337125710
1337125750
1337125790
1337125829
1337125869
1337125909
1337125949
1337125989
1337126029
1337126069
1337126109
1337126149
1337126189
1337126229
1337126269
1337126309
1337126348
1337126388
