1337332101
1337332121
1337332141
1337332161
1337332182
1337332202
1337332222
1337332242
1337332263
1337332283
1337332303
1337332323
1337332344
1337332364
1337332384
1337332404
1337332424
1337332445
1337332465
1337332485
1337332505
1337332526
1337332546
1337332566
1337332586
1337332607
1337332627
1337332647
1337332667
1337332688
1337332708
1337332728
1337332748
1337332769
1337332789
1337332809
1337332829
1337332850
1337332870
1337332890
1337332910
1337332930
1337332951
1337332971
1337332991
1337333011
1337333032
1337333052
1337333072
1337333092
1337333113
1337333133
1337333153
1337333173
1337333207
1337333240
1337333273
1337333307
1337333340
1337333374
1337333407
1337333440
1337333474
1337333507
1337333540
1337333574
1337333607
1337333640
1337333674
1337333707
1337333741
1337333774
1337333807
1337333841
1337333874
1337333907
1337333941
1337333974
1337334008
1337334041
1337334074
1337334108
1337334141
1337334174
1337334208
1337334241
1337334274
1337334308
1337334341
1337334375
1337334408
1337334441
1337334475
1337334508
1337334541
1337334575
1337334608
1337334642
1337334675
1337334708
1337334742
1337334775
1337334809
1337334842
1337334875
1337334909
1337334942
1337334976
1337335009
1337335042
1337335076
1337335109
1337335142
1337335176
1337335209
1337335242
1337335276
1337335309
1337335343
1337335376
1337335409
1337335443
1337335476
1337335509
1337335543
1337335576
1337335609
1337335643
1337335676
1337335710
1337335743
1337335776
1337335810
1337335843
1337335876
1337335910
1337335943
1337335976
1337336010
1337336043
1337336077
1337336110
1337336143
1337336177
1337336210
1337336243
1337336277
1337336310
1337336344
1337336377
1337336410
1337336444
1337336477
1337336511
1337336544
1337336577
1337336611
1337336644
1337336677
1337336711
1337336744
1337336777
1337336811
1337336844
1337336878
1337336911
1337336944
1337336978
1337337011
1337337044
1337337078
1337337111
1337337144
1337337178
1337337211
1337337245
1337337278
1337337311
1337337345
1337337378
1337337411
1337337445
1337337478
1337337511
1337337545
1337337578
1337337612
1337337645
1337337678
1337337712
1337337745
1337337778
1337337812
1337337845
1337337879
1337337912
1337337945
1337337979
1337338012
1337338045
1337338079
1337338112
1337338145
1337338179
1337338212
1337338246
